6
child pop : before
6
_()_
8
bree pop : before
14
mut pop : before
0
40
ALGO : 1  Generation : 1
selectionGen :
[0, 0, 0, 2.2341765438722763e-11, 0, -1.1431844427354353e-15, 0, 0, 0, 0, 0]
[1586895155557.8933, 2408143100761.1953]
7224429302283.586
0
[0, 0, 0, 0, 0, 0, 0, 0, 0, 0, 0]
[2031280283262.183, 3624979221727.6943]
10874937665183.082
0
[0, -1.3894514150309775e-12, 0, 5.2421750032513427e-11, 0, 0, 0, 0, 0, 0, 0]
[2031280283264.511, 3624979221738.4624]
10874937665215.387
0
[0, 0, -1.30698288974661e-13, 0, -1.2937964430408346e-10, -1.0389239707988554e-15, 0, 3.2484317016285126e-05, 0, -2.3274704150341357e-08, 0]
[16289704256099.834, 22772911440135.434]
68318734320406.3
0
[0, 0, 0, 0, 0, -2.040859823872676e-15, 0, 0, 0, -1.410862181856334e-08, 0]
[43334090329385.6, 64954628065170.36]
194863884195511.06
0
[0, -1.3912046000081052e-12, 0, 0, 0, 0, 0, 0, -3.060399764029231e-06, 0, 0]
[714776595301346.2, 1366896189218488.5]
4100688567655465.5
0

breedingGen :
[0, 0, 0, 2.2341765438722763e-11, 0, -1.1431844427354353e-15, 0, 0, 0, 0, 0]
[1586895155557.8933, 2408143100761.1953]
7224429302283.586
0
[0, 0, 0, 0, 0, 0, 0, 0, 0, 0, 0]
[2031280283262.183, 3624979221727.6943]
10874937665183.082
0
[0, -1.3894514150309775e-12, 0, 5.2421750032513427e-11, 0, 0, 0, 0, 0, 0, 0]
[2031280283264.511, 3624979221738.4624]
10874937665215.387
0
[0, -1.3894514150309775e-12, 0, 5.2421750032513427e-11, 0, 0, 0, 0, 0, 0, 0]
[2031280283264.511, 3624979221738.4624]
10874937665215.387
0
[0, 0, -1.30698288974661e-13, 0, -1.2937964430408346e-10, -1.0389239707988554e-15, 0, 3.2484317016285126e-05, 0, -2.3274704150341357e-08, 0]
[16289704256099.834, 22772911440135.434]
68318734320406.3
0
[0, 0, -1.30698288974661e-13, 0, -1.2937964430408346e-10, -1.0389239707988554e-15, 0, 3.2484317016285126e-05, 0, -2.3274704150341357e-08, 0]
[16289704256099.834, 22772911440135.434]
68318734320406.3
0
[0, 0, -1.30698288974661e-13, 0, -1.2937964430408346e-10, -1.0389239707988554e-15, 0, 3.2484317016285126e-05, 0, -2.3274704150341357e-08, 0]
[16289704256099.834, 22772911440135.434]
68318734320406.3
0
[0, 0, -1.30698288974661e-13, 0, -1.2937964430408346e-10, -1.0389239707988554e-15, 0, 3.2484317016285126e-05, 0, -2.3274704150341357e-08, 0]
[16289704256099.834, 22772911440135.434]
68318734320406.3
0
[0, 0, 0, 0, 0, -2.040859823872676e-15, 0, 0, 0, -1.410862181856334e-08, 0]
[43334090329385.6, 64954628065170.36]
194863884195511.06
0
[0, 0, 0, 0, 0, -2.040859823872676e-15, 0, 0, 0, -1.410862181856334e-08, 0]
[43334090329385.6, 64954628065170.36]
194863884195511.06
0
[0, 0, 0, 0, 0, -2.040859823872676e-15, 0, 0, 0, -1.410862181856334e-08, 0]
[43334090329385.6, 64954628065170.36]
194863884195511.06
0
[0, 0, 0, 0, 0, -2.040859823872676e-15, 0, 0, 0, -1.410862181856334e-08, 0]
[43334090329385.6, 64954628065170.36]
194863884195511.06
0
[0, 0, 0, 0, 0, -2.040859823872676e-15, 0, 0, 0, -1.410862181856334e-08, 0]
[43334090329385.6, 64954628065170.36]
194863884195511.06
0
[0, 0, 0, 0, 0, -2.040859823872676e-15, 0, 0, 0, -1.410862181856334e-08, 0]
[43334090329385.6, 64954628065170.36]
194863884195511.06
0
[0, 0, 0, 0, 0, -2.040859823872676e-15, 0, 0, 0, -1.410862181856334e-08, 0]
[43334090329385.6, 64954628065170.36]
194863884195511.06
0
[0, 0, 0, 0, 0, -2.040859823872676e-15, 0, 0, 0, -1.410862181856334e-08, 0]
[43334090329385.6, 64954628065170.36]
194863884195511.06
0
[0, -1.3912046000081052e-12, 0, 0, 0, 0, 0, 0, -3.060399764029231e-06, 0, 0]
[714776595301346.2, 1366896189218488.5]
4100688567655465.5
0
[0, -1.3912046000081052e-12, 0, 0, 0, 0, 0, 0, -3.060399764029231e-06, 0, 0]
[714776595301346.2, 1366896189218488.5]
4100688567655465.5
0
[0, -1.3912046000081052e-12, 0, 0, 0, 0, 0, 0, -3.060399764029231e-06, 0, 0]
[714776595301346.2, 1366896189218488.5]
4100688567655465.5
0
[0, -1.3912046000081052e-12, 0, 0, 0, 0, 0, 0, -3.060399764029231e-06, 0, 0]
[714776595301346.2, 1366896189218488.5]
4100688567655465.5
0
[0, -1.3912046000081052e-12, 0, 0, 0, 0, 0, 0, -3.060399764029231e-06, 0, 0]
[714776595301346.2, 1366896189218488.5]
4100688567655465.5
0
[0, -1.3912046000081052e-12, 0, 0, 0, 0, 0, 0, -3.060399764029231e-06, 0, 0]
[714776595301346.2, 1366896189218488.5]
4100688567655465.5
0
[0, -1.3912046000081052e-12, 0, 0, 0, 0, 0, 0, -3.060399764029231e-06, 0, 0]
[714776595301346.2, 1366896189218488.5]
4100688567655465.5
0
[0, -1.3912046000081052e-12, 0, 0, 0, 0, 0, 0, -3.060399764029231e-06, 0, 0]
[714776595301346.2, 1366896189218488.5]
4100688567655465.5
0
[0, -1.3912046000081052e-12, 0, 0, 0, 0, 0, 0, -3.060399764029231e-06, 0, 0]
[714776595301346.2, 1366896189218488.5]
4100688567655465.5
0
[0, -1.3912046000081052e-12, 0, 0, 0, 0, 0, 0, -3.060399764029231e-06, 0, 0]
[714776595301346.2, 1366896189218488.5]
4100688567655465.5
0
[0, -1.3912046000081052e-12, 0, 0, 0, 0, 0, 0, -3.060399764029231e-06, 0, 0]
[714776595301346.2, 1366896189218488.5]
4100688567655465.5
0
[0, -1.3912046000081052e-12, 0, 0, 0, 0, 0, 0, -3.060399764029231e-06, 0, 0]
[714776595301346.2, 1366896189218488.5]
4100688567655465.5
0
[0, -1.3912046000081052e-12, 0, 0, 0, 0, 0, 0, -3.060399764029231e-06, 0, 0]
[714776595301346.2, 1366896189218488.5]
4100688567655465.5
0
[0, -1.3912046000081052e-12, 0, 0, 0, 0, 0, 0, -3.060399764029231e-06, 0, 0]
[714776595301346.2, 1366896189218488.5]
4100688567655465.5
0
[0, -1.3912046000081052e-12, 0, 0, 0, 0, 0, 0, -3.060399764029231e-06, 0, 0]
[714776595301346.2, 1366896189218488.5]
4100688567655465.5
0
[0, -1.3912046000081052e-12, 0, 0, 0, 0, 0, 0, -3.060399764029231e-06, 0, 0]
[714776595301346.2, 1366896189218488.5]
4100688567655465.5
0
[0, -1.3894514150309775e-12, 0, 5.2421750032513427e-11, 0, 0, 0, 0, 0, 0, 0]
[2031280283264.511, 3624979221738.4624]
10874937665215.387
1
[0, -1.3894514150309775e-12, 0, 5.2421750032513427e-11, 0, 0, 0, 0, 0, 0, 0]
[2031280283264.511, 3624979221738.4624]
10874937665215.387
1
[0.0, 0, 0, 0.0, 0, 0, 0, 0, 0, 0, 0]
[2031280283262.183, 3624979221727.6943]
10874937665183.082
1
[0.0, 0, 0, 0.0, 0, 0, 0, 0, 0, 0, 0]
[2031280283262.183, 3624979221727.6943]
10874937665183.082
1
[0.0, 0, 0, 0, 0, 0, 0.0, 0.0, 0.0, 0.0, 0]
[2031280283262.183, 3624979221727.6943]
10874937665183.082
1
[0.0, 0, 0, 0, 0, 0, 0.0, 0.0, 0.0, 0.0, 0]
[2031280283262.183, 3624979221727.6943]
10874937665183.082
1
[0, 0.0, 0, 0, 0, 0.0, 0, 0.0, 0, 0.0, 0]
[2031280283262.183, 3624979221727.6943]
10874937665183.082
1
[0, 0.0, 0, 0, 0, 0.0, 0, 0.0, 0, 0.0, 0]
[2031280283262.183, 3624979221727.6943]
10874937665183.082
1

mutationGen :
[0, 0, 0, 2.2341765438722763e-11, 0, -1.1431844427354353e-15, 0, 0, 0, 0, 0]
[1586895155557.8933, 2408143100761.1953]
7224429302283.586
0
[0, 0, 0, 0, 0, 0, 0, 0, 0, 0, 0]
[2031280283262.183, 3624979221727.6943]
10874937665183.082
0
[0, -1.3894514150309775e-12, 0, 5.2421750032513427e-11, 0, 0, 0, 0, 0, 0, 0]
[2031280283264.511, 3624979221738.4624]
10874937665215.387
0
[0, -1.3894514150309775e-12, 0, 5.2421750032513427e-11, 0, 0, 0, 0, 0, 0, 0]
[2031280283264.511, 3624979221738.4624]
10874937665215.387
0
[0, 0, -1.30698288974661e-13, 0, -1.2937964430408346e-10, -1.0389239707988554e-15, 0, 3.2484317016285126e-05, 0, -2.3274704150341357e-08, 0]
[16289704256099.834, 22772911440135.434]
68318734320406.3
0
[0, 0, -1.30698288974661e-13, 0, -1.2937964430408346e-10, -1.0389239707988554e-15, 0, 3.2484317016285126e-05, 0, -2.3274704150341357e-08, 0]
[16289704256099.834, 22772911440135.434]
68318734320406.3
0
[0, 0, -1.30698288974661e-13, 0, -1.2937964430408346e-10, -1.0389239707988554e-15, 0, 3.2484317016285126e-05, 0, -2.3274704150341357e-08, 0]
[16289704256099.834, 22772911440135.434]
68318734320406.3
0
[0, 0, -1.30698288974661e-13, 0, -1.2937964430408346e-10, -1.0389239707988554e-15, 0, 3.2484317016285126e-05, 0, -2.3274704150341357e-08, 0]
[16289704256099.834, 22772911440135.434]
68318734320406.3
0
[0, 0, 0, 0, 0, -2.040859823872676e-15, 0, 0, 0, -1.410862181856334e-08, 0]
[43334090329385.6, 64954628065170.36]
194863884195511.06
0
[0, 0, 0, 0, 0, -2.040859823872676e-15, 0, 0, 0, -1.410862181856334e-08, 0]
[43334090329385.6, 64954628065170.36]
194863884195511.06
0
[0, 0, 0, 0, 0, -2.040859823872676e-15, 0, 0, 0, -1.410862181856334e-08, 0]
[43334090329385.6, 64954628065170.36]
194863884195511.06
0
[0, 0, 0, 0, 0, -2.040859823872676e-15, 0, 0, 0, -1.410862181856334e-08, 0]
[43334090329385.6, 64954628065170.36]
194863884195511.06
0
[0, 0, 0, 0, 0, -2.040859823872676e-15, 0, 0, 0, -1.410862181856334e-08, 0]
[43334090329385.6, 64954628065170.36]
194863884195511.06
0
[0, 0, 0, 0, 0, -2.040859823872676e-15, 0, 0, 0, -1.410862181856334e-08, 0]
[43334090329385.6, 64954628065170.36]
194863884195511.06
0
[0, 0, 0, 0, 0, -2.040859823872676e-15, 0, 0, 0, -1.410862181856334e-08, 0]
[43334090329385.6, 64954628065170.36]
194863884195511.06
0
[0, 0, 0, 0, 0, -2.040859823872676e-15, 0, 0, 0, -1.410862181856334e-08, 0]
[43334090329385.6, 64954628065170.36]
194863884195511.06
0
[0, -1.3912046000081052e-12, 0, 0, 0, 0, 0, 0, -3.060399764029231e-06, 0, 0]
[714776595301346.2, 1366896189218488.5]
4100688567655465.5
0
[0, -1.3912046000081052e-12, 0, 0, 0, 0, 0, 0, -3.060399764029231e-06, 0, 0]
[714776595301346.2, 1366896189218488.5]
4100688567655465.5
0
[0, -1.3912046000081052e-12, 0, 0, 0, 0, 0, 0, -3.060399764029231e-06, 0, 0]
[714776595301346.2, 1366896189218488.5]
4100688567655465.5
0
[0, -1.3912046000081052e-12, 0, 0, 0, 0, 0, 0, -3.060399764029231e-06, 0, 0]
[714776595301346.2, 1366896189218488.5]
4100688567655465.5
0
[0, -1.3912046000081052e-12, 0, 0, 0, 0, 0, 0, -3.060399764029231e-06, 0, 0]
[714776595301346.2, 1366896189218488.5]
4100688567655465.5
0
[0, -1.3912046000081052e-12, 0, 0, 0, 0, 0, 0, -3.060399764029231e-06, 0, 0]
[714776595301346.2, 1366896189218488.5]
4100688567655465.5
0
[0, -1.3912046000081052e-12, 0, 0, 0, 0, 0, 0, -3.060399764029231e-06, 0, 0]
[714776595301346.2, 1366896189218488.5]
4100688567655465.5
0
[0, -1.3912046000081052e-12, 0, 0, 0, 0, 0, 0, -3.060399764029231e-06, 0, 0]
[714776595301346.2, 1366896189218488.5]
4100688567655465.5
0
[0, -1.3912046000081052e-12, 0, 0, 0, 0, 0, 0, -3.060399764029231e-06, 0, 0]
[714776595301346.2, 1366896189218488.5]
4100688567655465.5
0
[0, -1.3912046000081052e-12, 0, 0, 0, 0, 0, 0, -3.060399764029231e-06, 0, 0]
[714776595301346.2, 1366896189218488.5]
4100688567655465.5
0
[0, -1.3912046000081052e-12, 0, 0, 0, 0, 0, 0, -3.060399764029231e-06, 0, 0]
[714776595301346.2, 1366896189218488.5]
4100688567655465.5
0
[0, -1.3912046000081052e-12, 0, 0, 0, 0, 0, 0, -3.060399764029231e-06, 0, 0]
[714776595301346.2, 1366896189218488.5]
4100688567655465.5
0
[0, -1.3912046000081052e-12, 0, 0, 0, 0, 0, 0, -3.060399764029231e-06, 0, 0]
[714776595301346.2, 1366896189218488.5]
4100688567655465.5
0
[0, -1.3912046000081052e-12, 0, 0, 0, 0, 0, 0, -3.060399764029231e-06, 0, 0]
[714776595301346.2, 1366896189218488.5]
4100688567655465.5
0
[0, -1.3912046000081052e-12, 0, 0, 0, 0, 0, 0, -3.060399764029231e-06, 0, 0]
[714776595301346.2, 1366896189218488.5]
4100688567655465.5
0
[0, -1.3912046000081052e-12, 0, 0, 0, 0, 0, 0, -3.060399764029231e-06, 0, 0]
[714776595301346.2, 1366896189218488.5]
4100688567655465.5
0
[0, -1.3894514150309775e-12, 0, 5.2421750032513427e-11, 0, 0, 0, 0, 0, 0, 0]
[2031280283264.511, 3624979221738.4624]
10874937665215.387
1
[0, -1.3894514150309775e-12, 0, 5.2421750032513427e-11, 0, 0, 0, 0, 0, 0, 0]
[2031280283264.511, 3624979221738.4624]
10874937665215.387
1
[0.0, 0, 0, 0.0, 0, 0, 0, 0, 0, 0, 0]
[2031280283262.183, 3624979221727.6943]
10874937665183.082
1
[0.0, 0, 0, 0.0, 0, 0, 0, 0, 0, 0, 0]
[2031280283262.183, 3624979221727.6943]
10874937665183.082
1
[0.0, 0, 0, 0, 0, 0, 0.0, 0.0, 0.0, 0.0, 0]
[2031280283262.183, 3624979221727.6943]
10874937665183.082
1
[0.0, 0, 0, 0, 0, 0, 0.0, 0.0, 0.0, 0.0, 0]
[2031280283262.183, 3624979221727.6943]
10874937665183.082
1
[0, 0.0, 0, 0, 0, 0.0, 0, 0.0, 0, 0.0, 0]
[2031280283262.183, 3624979221727.6943]
10874937665183.082
1
[0, 0.0, 0, 0, 0, 0.0, 0, 0.0, 0, 0.0, 0]
[2031280283262.183, 3624979221727.6943]
10874937665183.082
1
______________________ ALGO : 1 generation 1 completed _____________
10
child pop : before
6
_()_
3
bree pop : before
13
mut pop : before
0
50
ALGO : 1  Generation : 2
selectionGen :
[0, 0, 0, 2.2341765438722763e-11, 0, -1.1431844427354353e-15, 0, 0, 0, 0, 0]
[1586895155557.8933, 2408143100761.1953]
7224429302283.586
0
[0, 0, 0, 0, 0, 0, 0, 0, 0, 0, 0]
[2031280283262.183, 3624979221727.6943]
10874937665183.082
0
[0.0, 0, 0, 0.0, 0, 0, 0, 0, 0, 0, 0]
[2031280283262.183, 3624979221727.6943]
10874937665183.082
0
[0.0, 0, 0, 0.0, 0, 0, 0, 0, 0, 0, 0]
[2031280283262.183, 3624979221727.6943]
10874937665183.082
0
[0.0, 0, 0, 0, 0, 0, 0.0, 0.0, 0.0, 0.0, 0]
[2031280283262.183, 3624979221727.6943]
10874937665183.082
0
[0.0, 0, 0, 0, 0, 0, 0.0, 0.0, 0.0, 0.0, 0]
[2031280283262.183, 3624979221727.6943]
10874937665183.082
0
[0, 0.0, 0, 0, 0, 0.0, 0, 0.0, 0, 0.0, 0]
[2031280283262.183, 3624979221727.6943]
10874937665183.082
0
[0, 0.0, 0, 0, 0, 0.0, 0, 0.0, 0, 0.0, 0]
[2031280283262.183, 3624979221727.6943]
10874937665183.082
0
[0, -1.3894514150309775e-12, 0, 5.2421750032513427e-11, 0, 0, 0, 0, 0, 0, 0]
[2031280283264.511, 3624979221738.4624]
10874937665215.387
0
[0, -1.3894514150309775e-12, 0, 5.2421750032513427e-11, 0, 0, 0, 0, 0, 0, 0]
[2031280283264.511, 3624979221738.4624]
10874937665215.387
0

breedingGen :
[0, 0, 0, 2.2341765438722763e-11, 0, -1.1431844427354353e-15, 0, 0, 0, 0, 0]
[1586895155557.8933, 2408143100761.1953]
7224429302283.586
0
[0, 0, 0, 0, 0, 0, 0, 0, 0, 0, 0]
[2031280283262.183, 3624979221727.6943]
10874937665183.082
0
[0.0, 0, 0, 0.0, 0, 0, 0, 0, 0, 0, 0]
[2031280283262.183, 3624979221727.6943]
10874937665183.082
0
[0.0, 0, 0, 0.0, 0, 0, 0, 0, 0, 0, 0]
[2031280283262.183, 3624979221727.6943]
10874937665183.082
0
[0.0, 0, 0, 0, 0, 0, 0.0, 0.0, 0.0, 0.0, 0]
[2031280283262.183, 3624979221727.6943]
10874937665183.082
0
[0.0, 0, 0, 0, 0, 0, 0.0, 0.0, 0.0, 0.0, 0]
[2031280283262.183, 3624979221727.6943]
10874937665183.082
0
[0, 0.0, 0, 0, 0, 0.0, 0, 0.0, 0, 0.0, 0]
[2031280283262.183, 3624979221727.6943]
10874937665183.082
0
[0, 0.0, 0, 0, 0, 0.0, 0, 0.0, 0, 0.0, 0]
[2031280283262.183, 3624979221727.6943]
10874937665183.082
0
[0, -1.3894514150309775e-12, 0, 5.2421750032513427e-11, 0, 0, 0, 0, 0, 0, 0]
[2031280283264.511, 3624979221738.4624]
10874937665215.387
0
[0, -1.3894514150309775e-12, 0, 5.2421750032513427e-11, 0, 0, 0, 0, 0, 0, 0]
[2031280283264.511, 3624979221738.4624]
10874937665215.387
0
[0, -1.3894514150309775e-12, 0, 5.2421750032513427e-11, 0, 0, 0, 0, 0, 0, 0]
[2031280283264.511, 3624979221738.4624]
10874937665215.387
0
[0, -1.3894514150309775e-12, 0, 5.2421750032513427e-11, 0, 0, 0, 0, 0, 0, 0]
[2031280283264.511, 3624979221738.4624]
10874937665215.387
0
[0, -1.3894514150309775e-12, 0, 5.2421750032513427e-11, 0, 0, 0, 0, 0, 0, 0]
[2031280283264.511, 3624979221738.4624]
10874937665215.387
0
[0, -1.3894514150309775e-12, 0, 5.2421750032513427e-11, 0, 0, 0, 0, 0, 0, 0]
[2031280283264.511, 3624979221738.4624]
10874937665215.387
0
[0, -1.3894514150309775e-12, 0, 5.2421750032513427e-11, 0, 0, 0, 0, 0, 0, 0]
[2031280283264.511, 3624979221738.4624]
10874937665215.387
0
[0, -1.3894514150309775e-12, 0, 5.2421750032513427e-11, 0, 0, 0, 0, 0, 0, 0]
[2031280283264.511, 3624979221738.4624]
10874937665215.387
0
[0, -1.3894514150309775e-12, 0, 5.2421750032513427e-11, 0, 0, 0, 0, 0, 0, 0]
[2031280283264.511, 3624979221738.4624]
10874937665215.387
0
[0, -1.3894514150309775e-12, 0, 5.2421750032513427e-11, 0, 0, 0, 0, 0, 0, 0]
[2031280283264.511, 3624979221738.4624]
10874937665215.387
0
[0, -1.3894514150309775e-12, 0, 5.2421750032513427e-11, 0, 0, 0, 0, 0, 0, 0]
[2031280283264.511, 3624979221738.4624]
10874937665215.387
0
[0, -1.3894514150309775e-12, 0, 5.2421750032513427e-11, 0, 0, 0, 0, 0, 0, 0]
[2031280283264.511, 3624979221738.4624]
10874937665215.387
0
[0, -1.3894514150309775e-12, 0, 5.2421750032513427e-11, 0, 0, 0, 0, 0, 0, 0]
[2031280283264.511, 3624979221738.4624]
10874937665215.387
0
[0, -1.3894514150309775e-12, 0, 5.2421750032513427e-11, 0, 0, 0, 0, 0, 0, 0]
[2031280283264.511, 3624979221738.4624]
10874937665215.387
0
[0, -1.3894514150309775e-12, 0, 5.2421750032513427e-11, 0, 0, 0, 0, 0, 0, 0]
[2031280283264.511, 3624979221738.4624]
10874937665215.387
0
[0, -1.3894514150309775e-12, 0, 5.2421750032513427e-11, 0, 0, 0, 0, 0, 0, 0]
[2031280283264.511, 3624979221738.4624]
10874937665215.387
0
[0, 0, 0, 0, 0, 0, 0, 0, 0, 0, 0]
[2031280283262.183, 3624979221727.6943]
10874937665183.082
2
[0.0, 0, 0, 0.0, 0, 0.0, 0, 0, 0, 0, 0.0]
[2031280283262.183, 3624979221727.6943]
10874937665183.082
2

mutationGen :
[0, 0, 0, 2.2341765438722763e-11, 0, -1.1431844427354353e-15, 0, 0, 0, 0, 0]
[1586895155557.8933, 2408143100761.1953]
7224429302283.586
0
[0, 0, 0, 0, 0, 0, 0, 0, 0, 0, 0]
[2031280283262.183, 3624979221727.6943]
10874937665183.082
0
[0.0, 0, 0, 0.0, 0, 0, 0, 0, 0, 0, 0]
[2031280283262.183, 3624979221727.6943]
10874937665183.082
0
[0.0, 0, 0, 0.0, 0, 0, 0, 0, 0, 0, 0]
[2031280283262.183, 3624979221727.6943]
10874937665183.082
0
[0.0, 0, 0, 0, 0, 0, 0.0, 0.0, 0.0, 0.0, 0]
[2031280283262.183, 3624979221727.6943]
10874937665183.082
0
[0.0, 0, 0, 0, 0, 0, 0.0, 0.0, 0.0, 0.0, 0]
[2031280283262.183, 3624979221727.6943]
10874937665183.082
0
[0, 0.0, 0, 0, 0, 0.0, 0, 0.0, 0, 0.0, 0]
[2031280283262.183, 3624979221727.6943]
10874937665183.082
0
[0, 0.0, 0, 0, 0, 0.0, 0, 0.0, 0, 0.0, 0]
[2031280283262.183, 3624979221727.6943]
10874937665183.082
0
[0, -1.3894514150309775e-12, 0, 5.2421750032513427e-11, 0, 0, 0, 0, 0, 0, 0]
[2031280283264.511, 3624979221738.4624]
10874937665215.387
0
[0, -1.3894514150309775e-12, 0, 5.2421750032513427e-11, 0, 0, 0, 0, 0, 0, 0]
[2031280283264.511, 3624979221738.4624]
10874937665215.387
0
[0, -1.3894514150309775e-12, 0, 5.2421750032513427e-11, 0, 0, 0, 0, 0, 0, 0]
[2031280283264.511, 3624979221738.4624]
10874937665215.387
0
[0, -1.3894514150309775e-12, 0, 5.2421750032513427e-11, 0, 0, 0, 0, 0, 0, 0]
[2031280283264.511, 3624979221738.4624]
10874937665215.387
0
[0, -1.3894514150309775e-12, 0, 5.2421750032513427e-11, 0, 0, 0, 0, 0, 0, 0]
[2031280283264.511, 3624979221738.4624]
10874937665215.387
0
[0, -1.3894514150309775e-12, 0, 5.2421750032513427e-11, 0, 0, 0, 0, 0, 0, 0]
[2031280283264.511, 3624979221738.4624]
10874937665215.387
0
[0, -1.3894514150309775e-12, 0, 5.2421750032513427e-11, 0, 0, 0, 0, 0, 0, 0]
[2031280283264.511, 3624979221738.4624]
10874937665215.387
0
[0, -1.3894514150309775e-12, 0, 5.2421750032513427e-11, 0, 0, 0, 0, 0, 0, 0]
[2031280283264.511, 3624979221738.4624]
10874937665215.387
0
[0, -1.3894514150309775e-12, 0, 5.2421750032513427e-11, 0, 0, 0, 0, 0, 0, 0]
[2031280283264.511, 3624979221738.4624]
10874937665215.387
0
[0, -1.3894514150309775e-12, 0, 5.2421750032513427e-11, 0, 0, 0, 0, 0, 0, 0]
[2031280283264.511, 3624979221738.4624]
10874937665215.387
0
[0, -1.3894514150309775e-12, 0, 5.2421750032513427e-11, 0, 0, 0, 0, 0, 0, 0]
[2031280283264.511, 3624979221738.4624]
10874937665215.387
0
[0, -1.3894514150309775e-12, 0, 5.2421750032513427e-11, 0, 0, 0, 0, 0, 0, 0]
[2031280283264.511, 3624979221738.4624]
10874937665215.387
0
[0, -1.3894514150309775e-12, 0, 5.2421750032513427e-11, 0, 0, 0, 0, 0, 0, 0]
[2031280283264.511, 3624979221738.4624]
10874937665215.387
0
[0, -1.3894514150309775e-12, 0, 5.2421750032513427e-11, 0, 0, 0, 0, 0, 0, 0]
[2031280283264.511, 3624979221738.4624]
10874937665215.387
0
[0, -1.3894514150309775e-12, 0, 5.2421750032513427e-11, 0, 0, 0, 0, 0, 0, 0]
[2031280283264.511, 3624979221738.4624]
10874937665215.387
0
[0, -1.3894514150309775e-12, 0, 5.2421750032513427e-11, 0, 0, 0, 0, 0, 0, 0]
[2031280283264.511, 3624979221738.4624]
10874937665215.387
0
[0.0, 0, 0.0, 2.2341765438722763e-11, 0, -1.4643645857096876e-15, 0.0, 0, 0.0, 0, 0]
[1634474499903.8984, 2241736559981.173]
6725209679943.519
2
[0.0, 0, 0.0, 2.2341765438722763e-11, 0, -1.4643645857096876e-15, 0.0, 0, 0.0, 0, 0]
[1634474499903.8984, 2241736559981.173]
6725209679943.519
2
[0.0, 0, 0.0, 2.2341765438722763e-11, 0, -1.4643645857096876e-15, 0.0, 0, 0.0, 0, 0]
[1634474499903.8984, 2241736559981.173]
6725209679943.519
2
[0.0, 0, 0.0, 2.2341765438722763e-11, 0, -1.4643645857096876e-15, 0.0, 0, 0.0, 0, 0]
[1634474499903.8984, 2241736559981.173]
6725209679943.519
2
[0.0, 0, 0.0, 2.2341765438722763e-11, 0, -1.4643645857096876e-15, 0.0, 0, 0.0, 0, 0]
[1634474499903.8984, 2241736559981.173]
6725209679943.519
2
[0.0, 0, 0.0, 2.2341765438722763e-11, 0, -1.4643645857096876e-15, 0.0, 0, 0.0, 0, 0]
[1634474499903.8984, 2241736559981.173]
6725209679943.519
2
[0.0, 0, 0.0, 2.2341765438722763e-11, 0, -1.4643645857096876e-15, 0.0, 0, 0.0, 0, 0]
[1634474499903.8984, 2241736559981.173]
6725209679943.519
2
[0.0, 0, 0.0, 2.2341765438722763e-11, 0, -1.4643645857096876e-15, 0.0, 0, 0.0, 0, 0]
[1634474499903.8984, 2241736559981.173]
6725209679943.519
2
[0.0, 0, 0.0, 2.2341765438722763e-11, 0, -1.4643645857096876e-15, 0.0, 0, 0.0, 0, 0]
[1634474499903.8984, 2241736559981.173]
6725209679943.519
2
[0.0, 0, 0.0, 2.2341765438722763e-11, 0, -1.4643645857096876e-15, 0.0, 0, 0.0, 0, 0]
[1634474499903.8984, 2241736559981.173]
6725209679943.519
2
[0.0, 0, 0.0, 2.2341765438722763e-11, 0, -1.4643645857096876e-15, 0.0, 0, 0.0, 0, 0]
[1634474499903.8984, 2241736559981.173]
6725209679943.519
2
[0.0, 0, 0.0, 2.2341765438722763e-11, 0, -1.4643645857096876e-15, 0.0, 0, 0.0, 0, 0]
[1634474499903.8984, 2241736559981.173]
6725209679943.519
2
[0.0, 0, 0.0, 2.2341765438722763e-11, 0, -1.4643645857096876e-15, 0.0, 0, 0.0, 0, 0]
[1634474499903.8984, 2241736559981.173]
6725209679943.519
2
[0.0, 0, 0.0, 2.2341765438722763e-11, 0, -1.4643645857096876e-15, 0.0, 0, 0.0, 0, 0]
[1634474499903.8984, 2241736559981.173]
6725209679943.519
2
[0.0, 0, 0.0, 2.2341765438722763e-11, 0, -1.4643645857096876e-15, 0.0, 0, 0.0, 0, 0]
[1634474499903.8984, 2241736559981.173]
6725209679943.519
2
[0.0, 0, 0.0, 2.2341765438722763e-11, 0, -1.4643645857096876e-15, 0.0, 0, 0.0, 0, 0]
[1634474499903.8984, 2241736559981.173]
6725209679943.519
2
[0.0, 0, 0.0, 2.2341765438722763e-11, 0, -1.4643645857096876e-15, 0.0, 0, 0.0, 0, 0]
[1634474499903.8984, 2241736559981.173]
6725209679943.519
2
[0.0, 0, 0.0, 2.2341765438722763e-11, 0, -1.4643645857096876e-15, 0.0, 0, 0.0, 0, 0]
[1634474499903.8984, 2241736559981.173]
6725209679943.519
2
[0.0, 0, 0.0, 2.2341765438722763e-11, 0, -1.4643645857096876e-15, 0.0, 0, 0.0, 0, 0]
[1634474499903.8984, 2241736559981.173]
6725209679943.519
2
[0.0, 0, 0.0, 2.2341765438722763e-11, 0, -1.4643645857096876e-15, 0.0, 0, 0.0, 0, 0]
[1634474499903.8984, 2241736559981.173]
6725209679943.519
2
[0.0, 0, 0.0, 2.2341765438722763e-11, 0, -1.4643645857096876e-15, 0.0, 0, 0.0, 0, 0]
[1634474499903.8984, 2241736559981.173]
6725209679943.519
2
[0.0, 0, 0.0, 2.2341765438722763e-11, 0, -1.4643645857096876e-15, 0.0, 0, 0.0, 0, 0]
[1634474499903.8984, 2241736559981.173]
6725209679943.519
2
[0.0, 0, 0.0, 2.2341765438722763e-11, 0, -1.4643645857096876e-15, 0.0, 0, 0.0, 0, 0]
[1634474499903.8984, 2241736559981.173]
6725209679943.519
2
[0.0, 0, 0.0, 2.2341765438722763e-11, 0, -1.4643645857096876e-15, 0.0, 0, 0.0, 0, 0]
[1634474499903.8984, 2241736559981.173]
6725209679943.519
2
[0, 0, 0, 0, 0, 0, 0, 0, 0, 0, 0]
[2031280283262.183, 3624979221727.6943]
10874937665183.082
2
[0.0, 0, 0, 0.0, 0, 0.0, 0, 0, 0, 0, 0.0]
[2031280283262.183, 3624979221727.6943]
10874937665183.082
2
______________________ ALGO : 1 generation 2 completed _____________
10
child pop : before
6
_()_
1
bree pop : before
11
mut pop : before
0
1
ALGO : 1  Generation : 3
selectionGen :
[0.0, 0, 0.0, 2.2341765438722763e-11, 0, -1.4643645857096876e-15, 0.0, 0, 0.0, 0, 0]
[1634474499903.8984, 2241736559981.173]
6725209679943.519
0
[0.0, 0, 0.0, 2.2341765438722763e-11, 0, -1.4643645857096876e-15, 0.0, 0, 0.0, 0, 0]
[1634474499903.8984, 2241736559981.173]
6725209679943.519
0
[0.0, 0, 0.0, 2.2341765438722763e-11, 0, -1.4643645857096876e-15, 0.0, 0, 0.0, 0, 0]
[1634474499903.8984, 2241736559981.173]
6725209679943.519
0
[0.0, 0, 0.0, 2.2341765438722763e-11, 0, -1.4643645857096876e-15, 0.0, 0, 0.0, 0, 0]
[1634474499903.8984, 2241736559981.173]
6725209679943.519
0
[0.0, 0, 0.0, 2.2341765438722763e-11, 0, -1.4643645857096876e-15, 0.0, 0, 0.0, 0, 0]
[1634474499903.8984, 2241736559981.173]
6725209679943.519
0
[0.0, 0, 0.0, 2.2341765438722763e-11, 0, -1.4643645857096876e-15, 0.0, 0, 0.0, 0, 0]
[1634474499903.8984, 2241736559981.173]
6725209679943.519
0
[0.0, 0, 0.0, 2.2341765438722763e-11, 0, -1.4643645857096876e-15, 0.0, 0, 0.0, 0, 0]
[1634474499903.8984, 2241736559981.173]
6725209679943.519
0
[0.0, 0, 0.0, 2.2341765438722763e-11, 0, -1.4643645857096876e-15, 0.0, 0, 0.0, 0, 0]
[1634474499903.8984, 2241736559981.173]
6725209679943.519
0
[0.0, 0, 0.0, 2.2341765438722763e-11, 0, -1.4643645857096876e-15, 0.0, 0, 0.0, 0, 0]
[1634474499903.8984, 2241736559981.173]
6725209679943.519
0
[0.0, 0, 0.0, 2.2341765438722763e-11, 0, -1.4643645857096876e-15, 0.0, 0, 0.0, 0, 0]
[1634474499903.8984, 2241736559981.173]
6725209679943.519
0

breedingGen :
[0.0, 0, 0.0, 2.2341765438722763e-11, 0, -1.4643645857096876e-15, 0.0, 0, 0.0, 0, 0]
[1634474499903.8984, 2241736559981.173]
6725209679943.519
0

mutationGen :
[0.0, 0, 0.0, 2.2341765438722763e-11, 0, -1.4643645857096876e-15, 0.0, 0, 0.0, 0, 0]
[1634474499903.8984, 2241736559981.173]
6725209679943.519
0
______________________ ALGO : 1 generation 3 completed _____________
1
child pop : before
6
_()_
1
bree pop : before
2
mut pop : before
0
1
ALGO : 1  Generation : 4
selectionGen :
[0.0, 0, 0.0, 2.2341765438722763e-11, 0, -1.4643645857096876e-15, 0.0, 0, 0.0, 0, 0]
[1634474499903.8984, 2241736559981.173]
6725209679943.519
0

breedingGen :
[0.0, 0, 0.0, 2.2341765438722763e-11, 0, -1.4643645857096876e-15, 0.0, 0, 0.0, 0, 0]
[1634474499903.8984, 2241736559981.173]
6725209679943.519
0

mutationGen :
[0.0, 0, 0.0, 2.2341765438722763e-11, 0, -1.4643645857096876e-15, 0.0, 0, 0.0, 0, 0]
[1634474499903.8984, 2241736559981.173]
6725209679943.519
0
______________________ ALGO : 1 generation 4 completed _____________
1
child pop : before
6
_()_
1
bree pop : before
2
mut pop : before
0
1
ALGO : 1  Generation : 5
selectionGen :
[0.0, 0, 0.0, 2.2341765438722763e-11, 0, -1.4643645857096876e-15, 0.0, 0, 0.0, 0, 0]
[1634474499903.8984, 2241736559981.173]
6725209679943.519
0

breedingGen :
[0.0, 0, 0.0, 2.2341765438722763e-11, 0, -1.4643645857096876e-15, 0.0, 0, 0.0, 0, 0]
[1634474499903.8984, 2241736559981.173]
6725209679943.519
0

mutationGen :
[0.0, 0, 0.0, 2.2341765438722763e-11, 0, -1.4643645857096876e-15, 0.0, 0, 0.0, 0, 0]
[1634474499903.8984, 2241736559981.173]
6725209679943.519
0
______________________ ALGO : 1 generation 5 completed _____________
1
child pop : before
6
_()_
1
bree pop : before
2
mut pop : before
0
1
ALGO : 1  Generation : 6
selectionGen :
[0.0, 0, 0.0, 2.2341765438722763e-11, 0, -1.4643645857096876e-15, 0.0, 0, 0.0, 0, 0]
[1634474499903.8984, 2241736559981.173]
6725209679943.519
0

breedingGen :
[0.0, 0, 0.0, 2.2341765438722763e-11, 0, -1.4643645857096876e-15, 0.0, 0, 0.0, 0, 0]
[1634474499903.8984, 2241736559981.173]
6725209679943.519
0

mutationGen :
[0.0, 0, 0.0, 2.2341765438722763e-11, 0, -1.4643645857096876e-15, 0.0, 0, 0.0, 0, 0]
[1634474499903.8984, 2241736559981.173]
6725209679943.519
0
______________________ ALGO : 1 generation 6 completed _____________
1
child pop : before
6
_()_
1
bree pop : before
2
mut pop : before
0
1
ALGO : 1  Generation : 7
selectionGen :
[0.0, 0, 0.0, 2.2341765438722763e-11, 0, -1.4643645857096876e-15, 0.0, 0, 0.0, 0, 0]
[1634474499903.8984, 2241736559981.173]
6725209679943.519
0

breedingGen :
[0.0, 0, 0.0, 2.2341765438722763e-11, 0, -1.4643645857096876e-15, 0.0, 0, 0.0, 0, 0]
[1634474499903.8984, 2241736559981.173]
6725209679943.519
0

mutationGen :
[0.0, 0, 0.0, 2.2341765438722763e-11, 0, -1.4643645857096876e-15, 0.0, 0, 0.0, 0, 0]
[1634474499903.8984, 2241736559981.173]
6725209679943.519
0
______________________ ALGO : 1 generation 7 completed _____________
1
child pop : before
6
_()_
1
bree pop : before
2
mut pop : before
0
2
ALGO : 1  Generation : 8
selectionGen :
[0.0, 0, 0.0, 2.2341765438722763e-11, 0, -1.4643645857096876e-15, 0.0, 0, 0.0, 0, 0]
[1634474499903.8984, 2241736559981.173]
6725209679943.519
0

breedingGen :
[0.0, 0, 0.0, 2.2341765438722763e-11, 0, -1.4643645857096876e-15, 0.0, 0, 0.0, 0, 0]
[1634474499903.8984, 2241736559981.173]
6725209679943.519
0

mutationGen :
[0.0, 0, 0.0, 2.2341765438722763e-11, 0, -1.4643645857096876e-15, 0.0, 0, 0.0, 0, 0]
[1634474499903.8984, 2241736559981.173]
6725209679943.519
0
[0.0, 0, 0.0, 3.336627983033177e-11, 0, -9.26339866744084e-16, 0.0, 0.0, 0.0, 0, 0.0]
[1597544673310.1274, 2564018134181.7627]
7692054402545.288
8
______________________ ALGO : 1 generation 8 completed _____________
2
child pop : before
6
_()_
5
bree pop : before
7
mut pop : before
0
8
ALGO : 1  Generation : 9
selectionGen :
[0.0, 0, 0.0, 2.2341765438722763e-11, 0, -1.4643645857096876e-15, 0.0, 0, 0.0, 0, 0]
[1634474499903.8984, 2241736559981.173]
6725209679943.519
0
[0.0, 0, 0.0, 3.336627983033177e-11, 0, -9.26339866744084e-16, 0.0, 0.0, 0.0, 0, 0.0]
[1597544673310.1274, 2564018134181.7627]
7692054402545.288
0

breedingGen :
[0.0, 0, 0.0, 2.2341765438722763e-11, 0, -1.4643645857096876e-15, 0.0, 0, 0.0, 0, 0]
[1634474499903.8984, 2241736559981.173]
6725209679943.519
0
[0.0, 0, 0.0, 3.336627983033177e-11, 0, -9.26339866744084e-16, 0.0, 0.0, 0.0, 0, 0.0]
[1597544673310.1274, 2564018134181.7627]
7692054402545.288
0
[0.0, 0, 0.0, 3.336627983033177e-11, 0, -3.50492666201502e-16, 0.0, 0.0, 0.0, 0, 0]
[1793175888971.377, 3148253166943.661]
9444759500830.984
9

mutationGen :
[0.0, 0, 0.0, 2.2341765438722763e-11, 0, -1.4643645857096876e-15, 0.0, 0, 0.0, 0, 0]
[1634474499903.8984, 2241736559981.173]
6725209679943.519
0
[0.0, 0, 0.0, 3.336627983033177e-11, 0, -9.26339866744084e-16, 0.0, 0.0, 0.0, 0, 0.0]
[1597544673310.1274, 2564018134181.7627]
7692054402545.288
0
[0.0, 0, 0.0, 3.336627983033177e-11, 0, -3.50492666201502e-16, 0.0, 0.0, 0.0, 0, 0]
[1793175888971.377, 3148253166943.661]
9444759500830.984
9
[0.0, 0, 0.0, 3.336627983033177e-11, 0, -3.50492666201502e-16, 0.0, 0.0, 0.0, 0, 0]
[1793175888971.377, 3148253166943.661]
9444759500830.984
9
[0.0, 0, 0.0, 2.8287880351419816e-11, 0.0, -1.4643645857096876e-15, 0.0, 0, 0.0, 0, 0]
[1634474499903.8723, 2241736559981.9756]
6725209679945.927
9
[0.0, 0, 0.0, 2.8287880351419816e-11, 0.0, -1.4643645857096876e-15, 0.0, 0, 0.0, 0, 0]
[1634474499903.8723, 2241736559981.9756]
6725209679945.927
9
[0.0, 0, 0.0, 2.8287880351419816e-11, 0.0, -1.4643645857096876e-15, 0.0, 0, 0.0, 0, 0]
[1634474499903.8723, 2241736559981.9756]
6725209679945.927
9
[0.0, 0, 0.0, 2.8287880351419816e-11, 0.0, -1.4643645857096876e-15, 0.0, 0, 0.0, 0, 0]
[1634474499903.8723, 2241736559981.9756]
6725209679945.927
9
______________________ ALGO : 1 generation 9 completed _____________
8
child pop : before
6
_()_
3
bree pop : before
11
mut pop : before
0
120
ALGO : 1  Generation : 10
selectionGen :
[0.0, 0, 0.0, 2.2341765438722763e-11, 0, -1.4643645857096876e-15, 0.0, 0, 0.0, 0, 0]
[1634474499903.8984, 2241736559981.173]
6725209679943.519
0
[0.0, 0, 0.0, 2.8287880351419816e-11, 0.0, -1.4643645857096876e-15, 0.0, 0, 0.0, 0, 0]
[1634474499903.8723, 2241736559981.9756]
6725209679945.927
0
[0.0, 0, 0.0, 2.8287880351419816e-11, 0.0, -1.4643645857096876e-15, 0.0, 0, 0.0, 0, 0]
[1634474499903.8723, 2241736559981.9756]
6725209679945.927
0
[0.0, 0, 0.0, 2.8287880351419816e-11, 0.0, -1.4643645857096876e-15, 0.0, 0, 0.0, 0, 0]
[1634474499903.8723, 2241736559981.9756]
6725209679945.927
0
[0.0, 0, 0.0, 2.8287880351419816e-11, 0.0, -1.4643645857096876e-15, 0.0, 0, 0.0, 0, 0]
[1634474499903.8723, 2241736559981.9756]
6725209679945.927
0
[0.0, 0, 0.0, 3.336627983033177e-11, 0, -9.26339866744084e-16, 0.0, 0.0, 0.0, 0, 0.0]
[1597544673310.1274, 2564018134181.7627]
7692054402545.288
0
[0.0, 0, 0.0, 3.336627983033177e-11, 0, -3.50492666201502e-16, 0.0, 0.0, 0.0, 0, 0]
[1793175888971.377, 3148253166943.661]
9444759500830.984
0
[0.0, 0, 0.0, 3.336627983033177e-11, 0, -3.50492666201502e-16, 0.0, 0.0, 0.0, 0, 0]
[1793175888971.377, 3148253166943.661]
9444759500830.984
0

breedingGen :
[0.0, 0, 0.0, 2.2341765438722763e-11, 0, -1.4643645857096876e-15, 0.0, 0, 0.0, 0, 0]
[1634474499903.8984, 2241736559981.173]
6725209679943.519
0
[0.0, 0, 0.0, 2.8287880351419816e-11, 0.0, -1.4643645857096876e-15, 0.0, 0, 0.0, 0, 0]
[1634474499903.8723, 2241736559981.9756]
6725209679945.927
0
[0.0, 0, 0.0, 2.8287880351419816e-11, 0.0, -1.4643645857096876e-15, 0.0, 0, 0.0, 0, 0]
[1634474499903.8723, 2241736559981.9756]
6725209679945.927
0
[0.0, 0, 0.0, 2.8287880351419816e-11, 0.0, -1.4643645857096876e-15, 0.0, 0, 0.0, 0, 0]
[1634474499903.8723, 2241736559981.9756]
6725209679945.927
0
[0.0, 0, 0.0, 2.8287880351419816e-11, 0.0, -1.4643645857096876e-15, 0.0, 0, 0.0, 0, 0]
[1634474499903.8723, 2241736559981.9756]
6725209679945.927
0
[0.0, 0, 0.0, 3.336627983033177e-11, 0, -9.26339866744084e-16, 0.0, 0.0, 0.0, 0, 0.0]
[1597544673310.1274, 2564018134181.7627]
7692054402545.288
0
[0.0, 0, 0.0, 3.336627983033177e-11, 0, -9.26339866744084e-16, 0.0, 0.0, 0.0, 0, 0.0]
[1597544673310.1274, 2564018134181.7627]
7692054402545.288
0
[0.0, 0, 0.0, 3.336627983033177e-11, 0, -9.26339866744084e-16, 0.0, 0.0, 0.0, 0, 0.0]
[1597544673310.1274, 2564018134181.7627]
7692054402545.288
0
[0.0, 0, 0.0, 3.336627983033177e-11, 0, -9.26339866744084e-16, 0.0, 0.0, 0.0, 0, 0.0]
[1597544673310.1274, 2564018134181.7627]
7692054402545.288
0
[0.0, 0, 0.0, 3.336627983033177e-11, 0, -9.26339866744084e-16, 0.0, 0.0, 0.0, 0, 0.0]
[1597544673310.1274, 2564018134181.7627]
7692054402545.288
0
[0.0, 0, 0.0, 3.336627983033177e-11, 0, -3.50492666201502e-16, 0.0, 0.0, 0.0, 0, 0]
[1793175888971.377, 3148253166943.661]
9444759500830.984
0
[0.0, 0, 0.0, 3.336627983033177e-11, 0, -3.50492666201502e-16, 0.0, 0.0, 0.0, 0, 0]
[1793175888971.377, 3148253166943.661]
9444759500830.984
0
[0.0, 0, 0.0, 3.336627983033177e-11, 0, -3.50492666201502e-16, 0.0, 0.0, 0.0, 0, 0]
[1793175888971.377, 3148253166943.661]
9444759500830.984
0
[0.0, 0, 0.0, 3.336627983033177e-11, 0, -3.50492666201502e-16, 0.0, 0.0, 0.0, 0, 0]
[1793175888971.377, 3148253166943.661]
9444759500830.984
0
[0.0, 0, 0.0, 3.336627983033177e-11, 0, -3.50492666201502e-16, 0.0, 0.0, 0.0, 0, 0]
[1793175888971.377, 3148253166943.661]
9444759500830.984
0
[0.0, 0, 0.0, 3.336627983033177e-11, 0, -3.50492666201502e-16, 0.0, 0.0, 0.0, 0, 0]
[1793175888971.377, 3148253166943.661]
9444759500830.984
0
[0.0, 0, 0.0, 3.336627983033177e-11, 0, -3.50492666201502e-16, 0.0, 0.0, 0.0, 0, 0]
[1793175888971.377, 3148253166943.661]
9444759500830.984
0
[0.0, 0, 0.0, 3.336627983033177e-11, 0, -3.50492666201502e-16, 0.0, 0.0, 0.0, 0, 0]
[1793175888971.377, 3148253166943.661]
9444759500830.984
0
[0.0, 0, 0.0, 3.336627983033177e-11, 0, -3.50492666201502e-16, 0.0, 0.0, 0.0, 0, 0]
[1793175888971.377, 3148253166943.661]
9444759500830.984
0
[0.0, 0, 0.0, 3.336627983033177e-11, 0, -3.50492666201502e-16, 0.0, 0.0, 0.0, 0, 0]
[1793175888971.377, 3148253166943.661]
9444759500830.984
0
[0.0, 0, 0.0, 3.336627983033177e-11, 0, -3.50492666201502e-16, 0.0, 0.0, 0.0, 0, 0]
[1793175888971.377, 3148253166943.661]
9444759500830.984
0
[0.0, 0, 0.0, 3.336627983033177e-11, 0, -3.50492666201502e-16, 0.0, 0.0, 0.0, 0, 0]
[1793175888971.377, 3148253166943.661]
9444759500830.984
0
[0.0, 0, 0.0, 3.336627983033177e-11, 0, -3.50492666201502e-16, 0.0, 0.0, 0.0, 0, 0]
[1793175888971.377, 3148253166943.661]
9444759500830.984
0
[0.0, 0, 0.0, 3.336627983033177e-11, 0, -3.50492666201502e-16, 0.0, 0.0, 0.0, 0, 0]
[1793175888971.377, 3148253166943.661]
9444759500830.984
0
[0.0, 0, 0.0, 3.336627983033177e-11, 0, -3.50492666201502e-16, 0.0, 0.0, 0.0, 0, 0]
[1793175888971.377, 3148253166943.661]
9444759500830.984
0
[0.0, 0, 0.0, 3.336627983033177e-11, 0, -3.50492666201502e-16, 0.0, 0.0, 0.0, 0, 0]
[1793175888971.377, 3148253166943.661]
9444759500830.984
0
[0.0, 0, 0.0, 3.336627983033177e-11, 0, -3.50492666201502e-16, 0.0, 0.0, 0.0, 0, 0]
[1793175888971.377, 3148253166943.661]
9444759500830.984
0
[0.0, 0, 0.0, 3.336627983033177e-11, 0, -3.50492666201502e-16, 0.0, 0.0, 0.0, 0, 0]
[1793175888971.377, 3148253166943.661]
9444759500830.984
0
[0.0, 0, 0.0, 3.336627983033177e-11, 0, -3.50492666201502e-16, 0.0, 0.0, 0.0, 0, 0]
[1793175888971.377, 3148253166943.661]
9444759500830.984
0
[0.0, 0, 0.0, 3.336627983033177e-11, 0, -3.50492666201502e-16, 0.0, 0.0, 0.0, 0, 0]
[1793175888971.377, 3148253166943.661]
9444759500830.984
0
[0.0, 0, 0.0, 2.8287880351419816e-11, 0.0, -1.8094666440723205e-15, 0.0, 0, 0.0, 0, 0]
[1769896428921.379, 2148718862879.2876]
6446156588637.863
10

mutationGen :
[0.0, 0, 0.0, 2.2341765438722763e-11, 0, -1.4643645857096876e-15, 0.0, 0, 0.0, 0, 0]
[1634474499903.8984, 2241736559981.173]
6725209679943.519
0
[0.0, 0, 0.0, 2.8287880351419816e-11, 0.0, -1.4643645857096876e-15, 0.0, 0, 0.0, 0, 0]
[1634474499903.8723, 2241736559981.9756]
6725209679945.927
0
[0.0, 0, 0.0, 2.8287880351419816e-11, 0.0, -1.4643645857096876e-15, 0.0, 0, 0.0, 0, 0]
[1634474499903.8723, 2241736559981.9756]
6725209679945.927
0
[0.0, 0, 0.0, 2.8287880351419816e-11, 0.0, -1.4643645857096876e-15, 0.0, 0, 0.0, 0, 0]
[1634474499903.8723, 2241736559981.9756]
6725209679945.927
0
[0.0, 0, 0.0, 2.8287880351419816e-11, 0.0, -1.4643645857096876e-15, 0.0, 0, 0.0, 0, 0]
[1634474499903.8723, 2241736559981.9756]
6725209679945.927
0
[0.0, 0, 0.0, 3.336627983033177e-11, 0, -9.26339866744084e-16, 0.0, 0.0, 0.0, 0, 0.0]
[1597544673310.1274, 2564018134181.7627]
7692054402545.288
0
[0.0, 0, 0.0, 3.336627983033177e-11, 0, -9.26339866744084e-16, 0.0, 0.0, 0.0, 0, 0.0]
[1597544673310.1274, 2564018134181.7627]
7692054402545.288
0
[0.0, 0, 0.0, 3.336627983033177e-11, 0, -9.26339866744084e-16, 0.0, 0.0, 0.0, 0, 0.0]
[1597544673310.1274, 2564018134181.7627]
7692054402545.288
0
[0.0, 0, 0.0, 3.336627983033177e-11, 0, -9.26339866744084e-16, 0.0, 0.0, 0.0, 0, 0.0]
[1597544673310.1274, 2564018134181.7627]
7692054402545.288
0
[0.0, 0, 0.0, 3.336627983033177e-11, 0, -9.26339866744084e-16, 0.0, 0.0, 0.0, 0, 0.0]
[1597544673310.1274, 2564018134181.7627]
7692054402545.288
0
[0.0, 0, 0.0, 3.336627983033177e-11, 0, -3.50492666201502e-16, 0.0, 0.0, 0.0, 0, 0]
[1793175888971.377, 3148253166943.661]
9444759500830.984
0
[0.0, 0, 0.0, 3.336627983033177e-11, 0, -3.50492666201502e-16, 0.0, 0.0, 0.0, 0, 0]
[1793175888971.377, 3148253166943.661]
9444759500830.984
0
[0.0, 0, 0.0, 3.336627983033177e-11, 0, -3.50492666201502e-16, 0.0, 0.0, 0.0, 0, 0]
[1793175888971.377, 3148253166943.661]
9444759500830.984
0
[0.0, 0, 0.0, 3.336627983033177e-11, 0, -3.50492666201502e-16, 0.0, 0.0, 0.0, 0, 0]
[1793175888971.377, 3148253166943.661]
9444759500830.984
0
[0.0, 0, 0.0, 3.336627983033177e-11, 0, -3.50492666201502e-16, 0.0, 0.0, 0.0, 0, 0]
[1793175888971.377, 3148253166943.661]
9444759500830.984
0
[0.0, 0, 0.0, 3.336627983033177e-11, 0, -3.50492666201502e-16, 0.0, 0.0, 0.0, 0, 0]
[1793175888971.377, 3148253166943.661]
9444759500830.984
0
[0.0, 0, 0.0, 3.336627983033177e-11, 0, -3.50492666201502e-16, 0.0, 0.0, 0.0, 0, 0]
[1793175888971.377, 3148253166943.661]
9444759500830.984
0
[0.0, 0, 0.0, 3.336627983033177e-11, 0, -3.50492666201502e-16, 0.0, 0.0, 0.0, 0, 0]
[1793175888971.377, 3148253166943.661]
9444759500830.984
0
[0.0, 0, 0.0, 3.336627983033177e-11, 0, -3.50492666201502e-16, 0.0, 0.0, 0.0, 0, 0]
[1793175888971.377, 3148253166943.661]
9444759500830.984
0
[0.0, 0, 0.0, 3.336627983033177e-11, 0, -3.50492666201502e-16, 0.0, 0.0, 0.0, 0, 0]
[1793175888971.377, 3148253166943.661]
9444759500830.984
0
[0.0, 0, 0.0, 3.336627983033177e-11, 0, -3.50492666201502e-16, 0.0, 0.0, 0.0, 0, 0]
[1793175888971.377, 3148253166943.661]
9444759500830.984
0
[0.0, 0, 0.0, 3.336627983033177e-11, 0, -3.50492666201502e-16, 0.0, 0.0, 0.0, 0, 0]
[1793175888971.377, 3148253166943.661]
9444759500830.984
0
[0.0, 0, 0.0, 3.336627983033177e-11, 0, -3.50492666201502e-16, 0.0, 0.0, 0.0, 0, 0]
[1793175888971.377, 3148253166943.661]
9444759500830.984
0
[0.0, 0, 0.0, 3.336627983033177e-11, 0, -3.50492666201502e-16, 0.0, 0.0, 0.0, 0, 0]
[1793175888971.377, 3148253166943.661]
9444759500830.984
0
[0.0, 0, 0.0, 3.336627983033177e-11, 0, -3.50492666201502e-16, 0.0, 0.0, 0.0, 0, 0]
[1793175888971.377, 3148253166943.661]
9444759500830.984
0
[0.0, 0, 0.0, 3.336627983033177e-11, 0, -3.50492666201502e-16, 0.0, 0.0, 0.0, 0, 0]
[1793175888971.377, 3148253166943.661]
9444759500830.984
0
[0.0, 0, 0.0, 3.336627983033177e-11, 0, -3.50492666201502e-16, 0.0, 0.0, 0.0, 0, 0]
[1793175888971.377, 3148253166943.661]
9444759500830.984
0
[0.0, 0, 0.0, 3.336627983033177e-11, 0, -3.50492666201502e-16, 0.0, 0.0, 0.0, 0, 0]
[1793175888971.377, 3148253166943.661]
9444759500830.984
0
[0.0, 0, 0.0, 3.336627983033177e-11, 0, -3.50492666201502e-16, 0.0, 0.0, 0.0, 0, 0]
[1793175888971.377, 3148253166943.661]
9444759500830.984
0
[0.0, 0, 0.0, 3.336627983033177e-11, 0, -3.50492666201502e-16, 0.0, 0.0, 0.0, 0, 0]
[1793175888971.377, 3148253166943.661]
9444759500830.984
0
[0.0, 0, 0.0, 2.8287880351419816e-11, 0.0, -1.8094666440723205e-15, 0.0, 0, 0.0, 0, 0]
[1769896428921.379, 2148718862879.2876]
6446156588637.863
10
[0.0, 0, 0.0, 2.8287880351419816e-11, 0.0, -1.8094666440723205e-15, 0.0, 0, 0.0, 0, 0]
[1769896428921.379, 2148718862879.2876]
6446156588637.863
10
[0.0, 0, 0.0, 2.8287880351419816e-11, 0.0, -1.8094666440723205e-15, 0.0, 0, 0.0, 0, 0]
[1769896428921.379, 2148718862879.2876]
6446156588637.863
10
[0.0, 0, 0.0, 2.8287880351419816e-11, 0.0, -1.8094666440723205e-15, 0.0, 0, 0.0, 0, 0]
[1769896428921.379, 2148718862879.2876]
6446156588637.863
10
[0.0, 0, 0.0, 2.8287880351419816e-11, 0.0, -1.8094666440723205e-15, 0.0, 0, 0.0, 0, 0]
[1769896428921.379, 2148718862879.2876]
6446156588637.863
10
[0.0, 0, 0.0, 2.8287880351419816e-11, 0.0, -1.8094666440723205e-15, 0.0, 0, 0.0, 0, 0]
[1769896428921.379, 2148718862879.2876]
6446156588637.863
10
[0.0, 0, 0.0, 2.8287880351419816e-11, 0.0, -1.8094666440723205e-15, 0.0, 0, 0.0, 0, 0]
[1769896428921.379, 2148718862879.2876]
6446156588637.863
10
[0.0, 0, 0.0, 2.8287880351419816e-11, 0.0, -1.8094666440723205e-15, 0.0, 0, 0.0, 0, 0]
[1769896428921.379, 2148718862879.2876]
6446156588637.863
10
[0.0, 0, 0.0, 2.8287880351419816e-11, 0.0, -1.8094666440723205e-15, 0.0, 0, 0.0, 0, 0]
[1769896428921.379, 2148718862879.2876]
6446156588637.863
10
[0.0, 0, 0.0, 2.8287880351419816e-11, 0.0, -1.8094666440723205e-15, 0.0, 0, 0.0, 0, 0]
[1769896428921.379, 2148718862879.2876]
6446156588637.863
10
[0.0, 0, 0.0, 2.8287880351419816e-11, 0.0, -1.8094666440723205e-15, 0.0, 0, 0.0, 0, 0]
[1769896428921.379, 2148718862879.2876]
6446156588637.863
10
[0.0, 0, 0.0, 2.8287880351419816e-11, 0.0, -1.8094666440723205e-15, 0.0, 0, 0.0, 0, 0]
[1769896428921.379, 2148718862879.2876]
6446156588637.863
10
[0.0, 0, 0.0, 2.8287880351419816e-11, 0.0, -1.8094666440723205e-15, 0.0, 0, 0.0, 0, 0]
[1769896428921.379, 2148718862879.2876]
6446156588637.863
10
[0.0, 0, 0.0, 2.8287880351419816e-11, 0.0, -1.8094666440723205e-15, 0.0, 0, 0.0, 0, 0]
[1769896428921.379, 2148718862879.2876]
6446156588637.863
10
[0.0, 0, 0.0, 2.8287880351419816e-11, 0.0, -1.8094666440723205e-15, 0.0, 0, 0.0, 0, 0]
[1769896428921.379, 2148718862879.2876]
6446156588637.863
10
[0.0, 0, 0.0, 2.8287880351419816e-11, 0.0, -1.8094666440723205e-15, 0.0, 0, 0.0, 0, 0]
[1769896428921.379, 2148718862879.2876]
6446156588637.863
10
[0.0, 0, 0.0, 2.8287880351419816e-11, 0.0, -1.8094666440723205e-15, 0.0, 0, 0.0, 0, 0]
[1769896428921.379, 2148718862879.2876]
6446156588637.863
10
[0.0, 0, 0.0, 2.8287880351419816e-11, 0.0, -1.8094666440723205e-15, 0.0, 0, 0.0, 0, 0]
[1769896428921.379, 2148718862879.2876]
6446156588637.863
10
[0.0, 0, 0.0, 2.8287880351419816e-11, 0.0, -1.8094666440723205e-15, 0.0, 0, 0.0, 0, 0]
[1769896428921.379, 2148718862879.2876]
6446156588637.863
10
[0.0, 0, 0.0, 2.8287880351419816e-11, 0.0, -1.8094666440723205e-15, 0.0, 0, 0.0, 0, 0]
[1769896428921.379, 2148718862879.2876]
6446156588637.863
10
[0.0, 0, 0.0, 2.8287880351419816e-11, 0.0, -1.8094666440723205e-15, 0.0, 0, 0.0, 0, 0]
[1769896428921.379, 2148718862879.2876]
6446156588637.863
10
[0.0, 0, 0.0, 2.8287880351419816e-11, 0.0, -1.8094666440723205e-15, 0.0, 0, 0.0, 0, 0]
[1769896428921.379, 2148718862879.2876]
6446156588637.863
10
[0.0, 0, 0.0, 2.8287880351419816e-11, 0.0, -1.8094666440723205e-15, 0.0, 0, 0.0, 0, 0]
[1769896428921.379, 2148718862879.2876]
6446156588637.863
10
[0.0, 0, 0.0, 2.8287880351419816e-11, 0.0, -1.8094666440723205e-15, 0.0, 0, 0.0, 0, 0]
[1769896428921.379, 2148718862879.2876]
6446156588637.863
10
[0.0, 0, 0.0, 2.8287880351419816e-11, 0.0, -1.8094666440723205e-15, 0.0, 0, 0.0, 0, 0]
[1769896428921.379, 2148718862879.2876]
6446156588637.863
10
[0.0, 0, 0.0, 2.8287880351419816e-11, 0.0, -1.8094666440723205e-15, 0.0, 0, 0.0, 0, 0]
[1769896428921.379, 2148718862879.2876]
6446156588637.863
10
[0.0, 0, 0.0, 2.8287880351419816e-11, 0.0, -1.8094666440723205e-15, 0.0, 0, 0.0, 0, 0]
[1769896428921.379, 2148718862879.2876]
6446156588637.863
10
[0.0, 0, 0.0, 2.8287880351419816e-11, 0.0, -1.8094666440723205e-15, 0.0, 0, 0.0, 0, 0]
[1769896428921.379, 2148718862879.2876]
6446156588637.863
10
[0.0, 0, 0.0, 2.8287880351419816e-11, 0.0, -1.8094666440723205e-15, 0.0, 0, 0.0, 0, 0]
[1769896428921.379, 2148718862879.2876]
6446156588637.863
10
[0.0, 0, 0.0, 2.8287880351419816e-11, 0.0, -1.8094666440723205e-15, 0.0, 0, 0.0, 0, 0]
[1769896428921.379, 2148718862879.2876]
6446156588637.863
10
[0.0, 0, 0.0, 2.2341765438722763e-11, 0.0, -1.1267254153188328e-15, 0.0, 0, 0.0, 0.0, 0.0]
[1586494312753.211, 2418743936406.917]
7256231809220.751
10
[0.0, 0, 0.0, 2.2341765438722763e-11, 0.0, -1.1267254153188328e-15, 0.0, 0, 0.0, 0.0, 0.0]
[1586494312753.211, 2418743936406.917]
7256231809220.751
10
[0.0, 0, 0.0, 2.2341765438722763e-11, 0.0, -1.1267254153188328e-15, 0.0, 0, 0.0, 0.0, 0.0]
[1586494312753.211, 2418743936406.917]
7256231809220.751
10
[0.0, 0, 0.0, 2.2341765438722763e-11, 0.0, -1.1267254153188328e-15, 0.0, 0, 0.0, 0.0, 0.0]
[1586494312753.211, 2418743936406.917]
7256231809220.751
10
[0.0, 0, 0.0, 2.2341765438722763e-11, 0.0, -1.1267254153188328e-15, 0.0, 0, 0.0, 0.0, 0.0]
[1586494312753.211, 2418743936406.917]
7256231809220.751
10
[0.0, 0, 0.0, 2.2341765438722763e-11, 0.0, -1.1267254153188328e-15, 0.0, 0, 0.0, 0.0, 0.0]
[1586494312753.211, 2418743936406.917]
7256231809220.751
10
[0.0, 0, 0.0, 2.2341765438722763e-11, 0.0, -1.1267254153188328e-15, 0.0, 0, 0.0, 0.0, 0.0]
[1586494312753.211, 2418743936406.917]
7256231809220.751
10
[0.0, 0, 0.0, 2.2341765438722763e-11, 0.0, -1.1267254153188328e-15, 0.0, 0, 0.0, 0.0, 0.0]
[1586494312753.211, 2418743936406.917]
7256231809220.751
10
[0.0, 0, 0.0, 2.2341765438722763e-11, 0.0, -1.1267254153188328e-15, 0.0, 0, 0.0, 0.0, 0.0]
[1586494312753.211, 2418743936406.917]
7256231809220.751
10
[0.0, 0, 0.0, 2.2341765438722763e-11, 0.0, -1.1267254153188328e-15, 0.0, 0, 0.0, 0.0, 0.0]
[1586494312753.211, 2418743936406.917]
7256231809220.751
10
[0.0, 0, 0.0, 2.2341765438722763e-11, 0.0, -1.1267254153188328e-15, 0.0, 0, 0.0, 0.0, 0.0]
[1586494312753.211, 2418743936406.917]
7256231809220.751
10
[0.0, 0, 0.0, 2.2341765438722763e-11, 0.0, -1.1267254153188328e-15, 0.0, 0, 0.0, 0.0, 0.0]
[1586494312753.211, 2418743936406.917]
7256231809220.751
10
[0.0, 0, 0.0, 2.2341765438722763e-11, 0.0, -1.1267254153188328e-15, 0.0, 0, 0.0, 0.0, 0.0]
[1586494312753.211, 2418743936406.917]
7256231809220.751
10
[0.0, 0, 0.0, 2.2341765438722763e-11, 0.0, -1.1267254153188328e-15, 0.0, 0, 0.0, 0.0, 0.0]
[1586494312753.211, 2418743936406.917]
7256231809220.751
10
[0.0, 0, 0.0, 2.2341765438722763e-11, 0.0, -1.1267254153188328e-15, 0.0, 0, 0.0, 0.0, 0.0]
[1586494312753.211, 2418743936406.917]
7256231809220.751
10
[0.0, 0, 0.0, 2.2341765438722763e-11, 0.0, -1.1267254153188328e-15, 0.0, 0, 0.0, 0.0, 0.0]
[1586494312753.211, 2418743936406.917]
7256231809220.751
10
[0.0, 0, 0.0, 2.2341765438722763e-11, 0.0, -1.1267254153188328e-15, 0.0, 0, 0.0, 0.0, 0.0]
[1586494312753.211, 2418743936406.917]
7256231809220.751
10
[0.0, 0, 0.0, 2.2341765438722763e-11, 0.0, -1.1267254153188328e-15, 0.0, 0, 0.0, 0.0, 0.0]
[1586494312753.211, 2418743936406.917]
7256231809220.751
10
[0.0, 0, 0.0, 2.2341765438722763e-11, 0.0, -1.1267254153188328e-15, 0.0, 0, 0.0, 0.0, 0.0]
[1586494312753.211, 2418743936406.917]
7256231809220.751
10
[0.0, 0, 0.0, 2.2341765438722763e-11, 0.0, -1.1267254153188328e-15, 0.0, 0, 0.0, 0.0, 0.0]
[1586494312753.211, 2418743936406.917]
7256231809220.751
10
[0.0, 0, 0.0, 2.2341765438722763e-11, 0.0, -1.1267254153188328e-15, 0.0, 0, 0.0, 0.0, 0.0]
[1586494312753.211, 2418743936406.917]
7256231809220.751
10
[0.0, 0, 0.0, 2.2341765438722763e-11, 0.0, -1.1267254153188328e-15, 0.0, 0, 0.0, 0.0, 0.0]
[1586494312753.211, 2418743936406.917]
7256231809220.751
10
[0.0, 0, 0.0, 2.2341765438722763e-11, 0.0, -1.1267254153188328e-15, 0.0, 0, 0.0, 0.0, 0.0]
[1586494312753.211, 2418743936406.917]
7256231809220.751
10
[0.0, 0, 0.0, 2.2341765438722763e-11, 0.0, -1.1267254153188328e-15, 0.0, 0, 0.0, 0.0, 0.0]
[1586494312753.211, 2418743936406.917]
7256231809220.751
10
[0.0, 0, 0.0, 2.2341765438722763e-11, 0.0, -1.1267254153188328e-15, 0.0, 0, 0.0, 0.0, 0.0]
[1586494312753.211, 2418743936406.917]
7256231809220.751
10
[0.0, 0, 0.0, 2.2341765438722763e-11, 0.0, -1.1267254153188328e-15, 0.0, 0, 0.0, 0.0, 0.0]
[1586494312753.211, 2418743936406.917]
7256231809220.751
10
[0.0, 0, 0.0, 2.2341765438722763e-11, 0.0, -1.1267254153188328e-15, 0.0, 0, 0.0, 0.0, 0.0]
[1586494312753.211, 2418743936406.917]
7256231809220.751
10
[0.0, 0, 0.0, 2.2341765438722763e-11, 0.0, -1.1267254153188328e-15, 0.0, 0, 0.0, 0.0, 0.0]
[1586494312753.211, 2418743936406.917]
7256231809220.751
10
[0.0, 0, 0.0, 2.2341765438722763e-11, 0.0, -1.1267254153188328e-15, 0.0, 0, 0.0, 0.0, 0.0]
[1586494312753.211, 2418743936406.917]
7256231809220.751
10
[0.0, 0, 0.0, 2.2341765438722763e-11, 0.0, -1.1267254153188328e-15, 0.0, 0, 0.0, 0.0, 0.0]
[1586494312753.211, 2418743936406.917]
7256231809220.751
10
[0.0, 0, 0.0, 2.2341765438722763e-11, 0.0, -1.1267254153188328e-15, 0.0, 0, 0.0, 0.0, 0.0]
[1586494312753.211, 2418743936406.917]
7256231809220.751
10
[0.0, 0, 0.0, 2.2341765438722763e-11, 0.0, -1.1267254153188328e-15, 0.0, 0, 0.0, 0.0, 0.0]
[1586494312753.211, 2418743936406.917]
7256231809220.751
10
[0.0, 0, 0.0, 2.2341765438722763e-11, 0.0, -1.1267254153188328e-15, 0.0, 0, 0.0, 0.0, 0.0]
[1586494312753.211, 2418743936406.917]
7256231809220.751
10
[0.0, 0, 0.0, 2.2341765438722763e-11, 0.0, -1.1267254153188328e-15, 0.0, 0, 0.0, 0.0, 0.0]
[1586494312753.211, 2418743936406.917]
7256231809220.751
10
[0.0, 0, 0.0, 2.2341765438722763e-11, 0.0, -1.1267254153188328e-15, 0.0, 0, 0.0, 0.0, 0.0]
[1586494312753.211, 2418743936406.917]
7256231809220.751
10
[0.0, 0, 0.0, 2.2341765438722763e-11, 0.0, -1.1267254153188328e-15, 0.0, 0, 0.0, 0.0, 0.0]
[1586494312753.211, 2418743936406.917]
7256231809220.751
10
[0.0, 0, 0.0, 2.2341765438722763e-11, 0.0, -1.1267254153188328e-15, 0.0, 0, 0.0, 0.0, 0.0]
[1586494312753.211, 2418743936406.917]
7256231809220.751
10
[0.0, 0, 0.0, 2.2341765438722763e-11, 0.0, -1.1267254153188328e-15, 0.0, 0, 0.0, 0.0, 0.0]
[1586494312753.211, 2418743936406.917]
7256231809220.751
10
[0.0, 0, 0.0, 2.2341765438722763e-11, 0.0, -1.1267254153188328e-15, 0.0, 0, 0.0, 0.0, 0.0]
[1586494312753.211, 2418743936406.917]
7256231809220.751
10
[0.0, 0, 0.0, 2.2341765438722763e-11, 0.0, -1.1267254153188328e-15, 0.0, 0, 0.0, 0.0, 0.0]
[1586494312753.211, 2418743936406.917]
7256231809220.751
10
[0.0, 0, 0.0, 2.2341765438722763e-11, 0.0, -1.1267254153188328e-15, 0.0, 0, 0.0, 0.0, 0.0]
[1586494312753.211, 2418743936406.917]
7256231809220.751
10
[0.0, 0, 0.0, 2.2341765438722763e-11, 0.0, -1.1267254153188328e-15, 0.0, 0, 0.0, 0.0, 0.0]
[1586494312753.211, 2418743936406.917]
7256231809220.751
10
[0.0, 0, 0.0, 2.2341765438722763e-11, 0.0, -1.1267254153188328e-15, 0.0, 0, 0.0, 0.0, 0.0]
[1586494312753.211, 2418743936406.917]
7256231809220.751
10
[0.0, 0, 0.0, 2.2341765438722763e-11, 0.0, -1.1267254153188328e-15, 0.0, 0, 0.0, 0.0, 0.0]
[1586494312753.211, 2418743936406.917]
7256231809220.751
10
[0.0, 0, 0.0, 2.2341765438722763e-11, 0.0, -1.1267254153188328e-15, 0.0, 0, 0.0, 0.0, 0.0]
[1586494312753.211, 2418743936406.917]
7256231809220.751
10
[0.0, 0, 0.0, 2.2341765438722763e-11, 0.0, -1.1267254153188328e-15, 0.0, 0, 0.0, 0.0, 0.0]
[1586494312753.211, 2418743936406.917]
7256231809220.751
10
[0.0, 0, 0.0, 2.2341765438722763e-11, 0.0, -1.1267254153188328e-15, 0.0, 0, 0.0, 0.0, 0.0]
[1586494312753.211, 2418743936406.917]
7256231809220.751
10
[0.0, 0, 0.0, 2.2341765438722763e-11, 0.0, -1.1267254153188328e-15, 0.0, 0, 0.0, 0.0, 0.0]
[1586494312753.211, 2418743936406.917]
7256231809220.751
10
[0.0, 0, 0.0, 2.2341765438722763e-11, 0.0, -1.1267254153188328e-15, 0.0, 0, 0.0, 0.0, 0.0]
[1586494312753.211, 2418743936406.917]
7256231809220.751
10
[0.0, 0, 0.0, 2.2341765438722763e-11, 0.0, -1.1267254153188328e-15, 0.0, 0, 0.0, 0.0, 0.0]
[1586494312753.211, 2418743936406.917]
7256231809220.751
10
[0.0, 0, 0.0, 2.2341765438722763e-11, 0.0, -1.1267254153188328e-15, 0.0, 0, 0.0, 0.0, 0.0]
[1586494312753.211, 2418743936406.917]
7256231809220.751
10
[0.0, 0, 0.0, 2.2341765438722763e-11, 0.0, -1.1267254153188328e-15, 0.0, 0, 0.0, 0.0, 0.0]
[1586494312753.211, 2418743936406.917]
7256231809220.751
10
[0.0, 0, 0.0, 2.2341765438722763e-11, 0.0, -1.1267254153188328e-15, 0.0, 0, 0.0, 0.0, 0.0]
[1586494312753.211, 2418743936406.917]
7256231809220.751
10
[0.0, 0, 0.0, 2.2341765438722763e-11, 0.0, -1.1267254153188328e-15, 0.0, 0, 0.0, 0.0, 0.0]
[1586494312753.211, 2418743936406.917]
7256231809220.751
10
[0.0, 0, 0.0, 2.2341765438722763e-11, 0.0, -1.1267254153188328e-15, 0.0, 0, 0.0, 0.0, 0.0]
[1586494312753.211, 2418743936406.917]
7256231809220.751
10
[0.0, 0, 0.0, 2.2341765438722763e-11, 0.0, -1.1267254153188328e-15, 0.0, 0, 0.0, 0.0, 0.0]
[1586494312753.211, 2418743936406.917]
7256231809220.751
10
[0.0, 0, 0.0, 2.2341765438722763e-11, 0.0, -1.1267254153188328e-15, 0.0, 0, 0.0, 0.0, 0.0]
[1586494312753.211, 2418743936406.917]
7256231809220.751
10
[0.0, 0, 0.0, 2.2341765438722763e-11, 0.0, -1.1267254153188328e-15, 0.0, 0, 0.0, 0.0, 0.0]
[1586494312753.211, 2418743936406.917]
7256231809220.751
10
[0.0, 0, 0.0, 2.2341765438722763e-11, 0.0, -1.1267254153188328e-15, 0.0, 0, 0.0, 0.0, 0.0]
[1586494312753.211, 2418743936406.917]
7256231809220.751
10
[0.0, 0, 0.0, 2.2341765438722763e-11, 0.0, -1.1267254153188328e-15, 0.0, 0, 0.0, 0.0, 0.0]
[1586494312753.211, 2418743936406.917]
7256231809220.751
10
______________________ ALGO : 1 generation 10 completed _____________
10
child pop : before
6
_()_
1
bree pop : before
11
mut pop : before
0
1
ALGO : 1  Generation : 11
selectionGen :
[0.0, 0, 0.0, 2.8287880351419816e-11, 0.0, -1.8094666440723205e-15, 0.0, 0, 0.0, 0, 0]
[1769896428921.379, 2148718862879.2876]
6446156588637.863
0
[0.0, 0, 0.0, 2.8287880351419816e-11, 0.0, -1.8094666440723205e-15, 0.0, 0, 0.0, 0, 0]
[1769896428921.379, 2148718862879.2876]
6446156588637.863
0
[0.0, 0, 0.0, 2.8287880351419816e-11, 0.0, -1.8094666440723205e-15, 0.0, 0, 0.0, 0, 0]
[1769896428921.379, 2148718862879.2876]
6446156588637.863
0
[0.0, 0, 0.0, 2.8287880351419816e-11, 0.0, -1.8094666440723205e-15, 0.0, 0, 0.0, 0, 0]
[1769896428921.379, 2148718862879.2876]
6446156588637.863
0
[0.0, 0, 0.0, 2.8287880351419816e-11, 0.0, -1.8094666440723205e-15, 0.0, 0, 0.0, 0, 0]
[1769896428921.379, 2148718862879.2876]
6446156588637.863
0
[0.0, 0, 0.0, 2.8287880351419816e-11, 0.0, -1.8094666440723205e-15, 0.0, 0, 0.0, 0, 0]
[1769896428921.379, 2148718862879.2876]
6446156588637.863
0
[0.0, 0, 0.0, 2.8287880351419816e-11, 0.0, -1.8094666440723205e-15, 0.0, 0, 0.0, 0, 0]
[1769896428921.379, 2148718862879.2876]
6446156588637.863
0
[0.0, 0, 0.0, 2.8287880351419816e-11, 0.0, -1.8094666440723205e-15, 0.0, 0, 0.0, 0, 0]
[1769896428921.379, 2148718862879.2876]
6446156588637.863
0
[0.0, 0, 0.0, 2.8287880351419816e-11, 0.0, -1.8094666440723205e-15, 0.0, 0, 0.0, 0, 0]
[1769896428921.379, 2148718862879.2876]
6446156588637.863
0
[0.0, 0, 0.0, 2.8287880351419816e-11, 0.0, -1.8094666440723205e-15, 0.0, 0, 0.0, 0, 0]
[1769896428921.379, 2148718862879.2876]
6446156588637.863
0

breedingGen :
[0.0, 0, 0.0, 2.8287880351419816e-11, 0.0, -1.8094666440723205e-15, 0.0, 0, 0.0, 0, 0]
[1769896428921.379, 2148718862879.2876]
6446156588637.863
0

mutationGen :
[0.0, 0, 0.0, 2.8287880351419816e-11, 0.0, -1.8094666440723205e-15, 0.0, 0, 0.0, 0, 0]
[1769896428921.379, 2148718862879.2876]
6446156588637.863
0
______________________ ALGO : 1 generation 11 completed _____________
1
child pop : before
6
_()_
1
bree pop : before
2
mut pop : before
0
1
ALGO : 1  Generation : 12
selectionGen :
[0.0, 0, 0.0, 2.8287880351419816e-11, 0.0, -1.8094666440723205e-15, 0.0, 0, 0.0, 0, 0]
[1769896428921.379, 2148718862879.2876]
6446156588637.863
0

breedingGen :
[0.0, 0, 0.0, 2.8287880351419816e-11, 0.0, -1.8094666440723205e-15, 0.0, 0, 0.0, 0, 0]
[1769896428921.379, 2148718862879.2876]
6446156588637.863
0

mutationGen :
[0.0, 0, 0.0, 2.8287880351419816e-11, 0.0, -1.8094666440723205e-15, 0.0, 0, 0.0, 0, 0]
[1769896428921.379, 2148718862879.2876]
6446156588637.863
0
______________________ ALGO : 1 generation 12 completed _____________
1
child pop : before
6
_()_
1
bree pop : before
2
mut pop : before
0
2
ALGO : 1  Generation : 13
selectionGen :
[0.0, 0, 0.0, 2.8287880351419816e-11, 0.0, -1.8094666440723205e-15, 0.0, 0, 0.0, 0, 0]
[1769896428921.379, 2148718862879.2876]
6446156588637.863
0

breedingGen :
[0.0, 0, 0.0, 2.8287880351419816e-11, 0.0, -1.8094666440723205e-15, 0.0, 0, 0.0, 0, 0]
[1769896428921.379, 2148718862879.2876]
6446156588637.863
0

mutationGen :
[0.0, 0, 0.0, 2.8287880351419816e-11, 0.0, -1.8094666440723205e-15, 0.0, 0, 0.0, 0, 0]
[1769896428921.379, 2148718862879.2876]
6446156588637.863
0
[0.0, 0, 0.0, 2.4315611057925716e-11, 0.0, -9.90626806793638e-16, 0.0, 0, 0.0, 0, 0]
[1590791849948.3599, 2514147646697.0312]
7542442940091.094
13
______________________ ALGO : 1 generation 13 completed _____________
2
child pop : before
6
_()_
4
bree pop : before
6
mut pop : before
0
3
ALGO : 1  Generation : 14
selectionGen :
[0.0, 0, 0.0, 2.8287880351419816e-11, 0.0, -1.8094666440723205e-15, 0.0, 0, 0.0, 0, 0]
[1769896428921.379, 2148718862879.2876]
6446156588637.863
0
[0.0, 0, 0.0, 2.4315611057925716e-11, 0.0, -9.90626806793638e-16, 0.0, 0, 0.0, 0, 0]
[1590791849948.3599, 2514147646697.0312]
7542442940091.094
0

breedingGen :
[0.0, 0, 0.0, 2.8287880351419816e-11, 0.0, -1.8094666440723205e-15, 0.0, 0, 0.0, 0, 0]
[1769896428921.379, 2148718862879.2876]
6446156588637.863
0
[0.0, 0, 0.0, 2.4315611057925716e-11, 0.0, -9.90626806793638e-16, 0.0, 0, 0.0, 0, 0]
[1590791849948.3599, 2514147646697.0312]
7542442940091.094
0
[0.0, 0, 0.0, 2.4315611057925716e-11, 0.0, -9.90626806793638e-16, 0.0, 0, 0.0, 0.0, 0]
[1590791849948.3599, 2514147646697.0312]
7542442940091.094
14

mutationGen :
[0.0, 0, 0.0, 2.8287880351419816e-11, 0.0, -1.8094666440723205e-15, 0.0, 0, 0.0, 0, 0]
[1769896428921.379, 2148718862879.2876]
6446156588637.863
0
[0.0, 0, 0.0, 2.4315611057925716e-11, 0.0, -9.90626806793638e-16, 0.0, 0, 0.0, 0, 0]
[1590791849948.3599, 2514147646697.0312]
7542442940091.094
0
[0.0, 0, 0.0, 2.4315611057925716e-11, 0.0, -9.90626806793638e-16, 0.0, 0, 0.0, 0.0, 0]
[1590791849948.3599, 2514147646697.0312]
7542442940091.094
14
______________________ ALGO : 1 generation 14 completed _____________
3
child pop : before
6
_()_
3
bree pop : before
6
mut pop : before
0
6
ALGO : 1  Generation : 15
selectionGen :
[0.0, 0, 0.0, 2.8287880351419816e-11, 0.0, -1.8094666440723205e-15, 0.0, 0, 0.0, 0, 0]
[1769896428921.379, 2148718862879.2876]
6446156588637.863
0
[0.0, 0, 0.0, 2.4315611057925716e-11, 0.0, -9.90626806793638e-16, 0.0, 0, 0.0, 0, 0]
[1590791849948.3599, 2514147646697.0312]
7542442940091.094
0
[0.0, 0, 0.0, 2.4315611057925716e-11, 0.0, -9.90626806793638e-16, 0.0, 0, 0.0, 0.0, 0]
[1590791849948.3599, 2514147646697.0312]
7542442940091.094
0

breedingGen :
[0.0, 0, 0.0, 2.8287880351419816e-11, 0.0, -1.8094666440723205e-15, 0.0, 0, 0.0, 0, 0]
[1769896428921.379, 2148718862879.2876]
6446156588637.863
0
[0.0, 0, 0.0, 2.4315611057925716e-11, 0.0, -9.90626806793638e-16, 0.0, 0, 0.0, 0, 0]
[1590791849948.3599, 2514147646697.0312]
7542442940091.094
0
[0.0, 0, 0.0, 2.4315611057925716e-11, 0.0, -9.90626806793638e-16, 0.0, 0, 0.0, 0.0, 0]
[1590791849948.3599, 2514147646697.0312]
7542442940091.094
0
[0.0, 0, 0.0, 2.4315611057925716e-11, 0.0, -5.191043379632001e-16, 0.0, 0.0, 0.0, 0.0, 0.0]
[1710720029604.9365, 2951568450239.044]
8854705350717.133
15

mutationGen :
[0.0, 0, 0.0, 2.8287880351419816e-11, 0.0, -1.8094666440723205e-15, 0.0, 0, 0.0, 0, 0]
[1769896428921.379, 2148718862879.2876]
6446156588637.863
0
[0.0, 0, 0.0, 2.4315611057925716e-11, 0.0, -9.90626806793638e-16, 0.0, 0, 0.0, 0, 0]
[1590791849948.3599, 2514147646697.0312]
7542442940091.094
0
[0.0, 0, 0.0, 2.4315611057925716e-11, 0.0, -9.90626806793638e-16, 0.0, 0, 0.0, 0.0, 0]
[1590791849948.3599, 2514147646697.0312]
7542442940091.094
0
[0.0, 0, 0.0, 2.4315611057925716e-11, 0.0, -5.191043379632001e-16, 0.0, 0.0, 0.0, 0.0, 0.0]
[1710720029604.9365, 2951568450239.044]
8854705350717.133
15
[0.0, 0, 0.0, 2.4315611057925716e-11, 0.0, -5.191043379632001e-16, 0.0, 0.0, 0.0, 0.0, 0.0]
[1710720029604.9365, 2951568450239.044]
8854705350717.133
15
[0.0, 0, 0.0, 2.4315611057925716e-11, 0.0, -5.191043379632001e-16, 0.0, 0.0, 0.0, 0.0, 0.0]
[1710720029604.9365, 2951568450239.044]
8854705350717.133
15
______________________ ALGO : 1 generation 15 completed _____________
6
child pop : before
6
_()_
3
bree pop : before
9
mut pop : before
0
24
ALGO : 1  Generation : 16
selectionGen :
[0.0, 0, 0.0, 2.8287880351419816e-11, 0.0, -1.8094666440723205e-15, 0.0, 0, 0.0, 0, 0]
[1769896428921.379, 2148718862879.2876]
6446156588637.863
0
[0.0, 0, 0.0, 2.4315611057925716e-11, 0.0, -9.90626806793638e-16, 0.0, 0, 0.0, 0, 0]
[1590791849948.3599, 2514147646697.0312]
7542442940091.094
0
[0.0, 0, 0.0, 2.4315611057925716e-11, 0.0, -9.90626806793638e-16, 0.0, 0, 0.0, 0.0, 0]
[1590791849948.3599, 2514147646697.0312]
7542442940091.094
0
[0.0, 0, 0.0, 2.4315611057925716e-11, 0.0, -5.191043379632001e-16, 0.0, 0.0, 0.0, 0.0, 0.0]
[1710720029604.9365, 2951568450239.044]
8854705350717.133
0
[0.0, 0, 0.0, 2.4315611057925716e-11, 0.0, -5.191043379632001e-16, 0.0, 0.0, 0.0, 0.0, 0.0]
[1710720029604.9365, 2951568450239.044]
8854705350717.133
0
[0.0, 0, 0.0, 2.4315611057925716e-11, 0.0, -5.191043379632001e-16, 0.0, 0.0, 0.0, 0.0, 0.0]
[1710720029604.9365, 2951568450239.044]
8854705350717.133
0

breedingGen :
[0.0, 0, 0.0, 2.8287880351419816e-11, 0.0, -1.8094666440723205e-15, 0.0, 0, 0.0, 0, 0]
[1769896428921.379, 2148718862879.2876]
6446156588637.863
0
[0.0, 0, 0.0, 2.4315611057925716e-11, 0.0, -9.90626806793638e-16, 0.0, 0, 0.0, 0, 0]
[1590791849948.3599, 2514147646697.0312]
7542442940091.094
0
[0.0, 0, 0.0, 2.4315611057925716e-11, 0.0, -9.90626806793638e-16, 0.0, 0, 0.0, 0.0, 0]
[1590791849948.3599, 2514147646697.0312]
7542442940091.094
0
[0.0, 0, 0.0, 2.4315611057925716e-11, 0.0, -5.191043379632001e-16, 0.0, 0.0, 0.0, 0.0, 0.0]
[1710720029604.9365, 2951568450239.044]
8854705350717.133
0
[0.0, 0, 0.0, 2.4315611057925716e-11, 0.0, -5.191043379632001e-16, 0.0, 0.0, 0.0, 0.0, 0.0]
[1710720029604.9365, 2951568450239.044]
8854705350717.133
0
[0.0, 0, 0.0, 2.4315611057925716e-11, 0.0, -5.191043379632001e-16, 0.0, 0.0, 0.0, 0.0, 0.0]
[1710720029604.9365, 2951568450239.044]
8854705350717.133
0
[0.0, 0, 0.0, 2.4315611057925716e-11, 0.0, -5.191043379632001e-16, 0.0, 0.0, 0.0, 0.0, 0.0]
[1710720029604.9365, 2951568450239.044]
8854705350717.133
0
[0.0, 0, 0.0, 2.4315611057925716e-11, 0.0, -5.191043379632001e-16, 0.0, 0.0, 0.0, 0.0, 0.0]
[1710720029604.9365, 2951568450239.044]
8854705350717.133
0
[0.0, 0, 0.0, 2.4315611057925716e-11, 0.0, -5.191043379632001e-16, 0.0, 0.0, 0.0, 0.0, 0.0]
[1710720029604.9365, 2951568450239.044]
8854705350717.133
0
[0.0, 0, 0.0, 2.4315611057925716e-11, 0.0, -5.191043379632001e-16, 0.0, 0.0, 0.0, 0.0, 0.0]
[1710720029604.9365, 2951568450239.044]
8854705350717.133
0
[0.0, 0, 0.0, 2.4315611057925716e-11, 0.0, -5.191043379632001e-16, 0.0, 0.0, 0.0, 0.0, 0.0]
[1710720029604.9365, 2951568450239.044]
8854705350717.133
0
[0.0, 0, 0.0, 2.4315611057925716e-11, 0.0, -5.191043379632001e-16, 0.0, 0.0, 0.0, 0.0, 0.0]
[1710720029604.9365, 2951568450239.044]
8854705350717.133
0
[0.0, 0.0, 0.0, 3.4829601387294616e-11, 0.0, -5.622731053826947e-16, 0.0, 0, 0.0, 0, 0]
[1692961032448.9585, 2904623046672.0625]
8713869140016.1875
16

mutationGen :
[0.0, 0, 0.0, 2.8287880351419816e-11, 0.0, -1.8094666440723205e-15, 0.0, 0, 0.0, 0, 0]
[1769896428921.379, 2148718862879.2876]
6446156588637.863
0
[0.0, 0, 0.0, 2.4315611057925716e-11, 0.0, -9.90626806793638e-16, 0.0, 0, 0.0, 0, 0]
[1590791849948.3599, 2514147646697.0312]
7542442940091.094
0
[0.0, 0, 0.0, 2.4315611057925716e-11, 0.0, -9.90626806793638e-16, 0.0, 0, 0.0, 0.0, 0]
[1590791849948.3599, 2514147646697.0312]
7542442940091.094
0
[0.0, 0, 0.0, 2.4315611057925716e-11, 0.0, -5.191043379632001e-16, 0.0, 0.0, 0.0, 0.0, 0.0]
[1710720029604.9365, 2951568450239.044]
8854705350717.133
0
[0.0, 0, 0.0, 2.4315611057925716e-11, 0.0, -5.191043379632001e-16, 0.0, 0.0, 0.0, 0.0, 0.0]
[1710720029604.9365, 2951568450239.044]
8854705350717.133
0
[0.0, 0, 0.0, 2.4315611057925716e-11, 0.0, -5.191043379632001e-16, 0.0, 0.0, 0.0, 0.0, 0.0]
[1710720029604.9365, 2951568450239.044]
8854705350717.133
0
[0.0, 0, 0.0, 2.4315611057925716e-11, 0.0, -5.191043379632001e-16, 0.0, 0.0, 0.0, 0.0, 0.0]
[1710720029604.9365, 2951568450239.044]
8854705350717.133
0
[0.0, 0, 0.0, 2.4315611057925716e-11, 0.0, -5.191043379632001e-16, 0.0, 0.0, 0.0, 0.0, 0.0]
[1710720029604.9365, 2951568450239.044]
8854705350717.133
0
[0.0, 0, 0.0, 2.4315611057925716e-11, 0.0, -5.191043379632001e-16, 0.0, 0.0, 0.0, 0.0, 0.0]
[1710720029604.9365, 2951568450239.044]
8854705350717.133
0
[0.0, 0, 0.0, 2.4315611057925716e-11, 0.0, -5.191043379632001e-16, 0.0, 0.0, 0.0, 0.0, 0.0]
[1710720029604.9365, 2951568450239.044]
8854705350717.133
0
[0.0, 0, 0.0, 2.4315611057925716e-11, 0.0, -5.191043379632001e-16, 0.0, 0.0, 0.0, 0.0, 0.0]
[1710720029604.9365, 2951568450239.044]
8854705350717.133
0
[0.0, 0, 0.0, 2.4315611057925716e-11, 0.0, -5.191043379632001e-16, 0.0, 0.0, 0.0, 0.0, 0.0]
[1710720029604.9365, 2951568450239.044]
8854705350717.133
0
[0.0, 0.0, 0.0, 3.4829601387294616e-11, 0.0, -5.622731053826947e-16, 0.0, 0, 0.0, 0, 0]
[1692961032448.9585, 2904623046672.0625]
8713869140016.1875
16
[0.0, 0.0, 0.0, 3.4829601387294616e-11, 0.0, -5.622731053826947e-16, 0.0, 0, 0.0, 0, 0]
[1692961032448.9585, 2904623046672.0625]
8713869140016.1875
16
[0.0, 0.0, 0.0, 3.4829601387294616e-11, 0.0, -5.622731053826947e-16, 0.0, 0, 0.0, 0, 0]
[1692961032448.9585, 2904623046672.0625]
8713869140016.1875
16
[0.0, 0.0, 0.0, 3.4829601387294616e-11, 0.0, -5.622731053826947e-16, 0.0, 0, 0.0, 0, 0]
[1692961032448.9585, 2904623046672.0625]
8713869140016.1875
16
[0.0, 0.0, 0.0, 3.4829601387294616e-11, 0.0, -5.622731053826947e-16, 0.0, 0, 0.0, 0, 0]
[1692961032448.9585, 2904623046672.0625]
8713869140016.1875
16
[0.0, 0.0, 0.0, 3.4829601387294616e-11, 0.0, -5.622731053826947e-16, 0.0, 0, 0.0, 0, 0]
[1692961032448.9585, 2904623046672.0625]
8713869140016.1875
16
[0.0, 0.0, 0.0, 3.4829601387294616e-11, 0.0, -5.622731053826947e-16, 0.0, 0, 0.0, 0, 0]
[1692961032448.9585, 2904623046672.0625]
8713869140016.1875
16
[0.0, 0.0, 0.0, 3.4829601387294616e-11, 0.0, -5.622731053826947e-16, 0.0, 0, 0.0, 0, 0]
[1692961032448.9585, 2904623046672.0625]
8713869140016.1875
16
[0.0, 0.0, 0.0, 3.4829601387294616e-11, 0.0, -5.622731053826947e-16, 0.0, 0, 0.0, 0, 0]
[1692961032448.9585, 2904623046672.0625]
8713869140016.1875
16
[0.0, 0.0, 0.0, 3.4829601387294616e-11, 0.0, -5.622731053826947e-16, 0.0, 0, 0.0, 0, 0]
[1692961032448.9585, 2904623046672.0625]
8713869140016.1875
16
[0.0, 0.0, 0.0, 3.4829601387294616e-11, 0.0, -5.622731053826947e-16, 0.0, 0, 0.0, 0, 0]
[1692961032448.9585, 2904623046672.0625]
8713869140016.1875
16
[0.0, 0.0, 0.0, 3.4829601387294616e-11, 0.0, -5.622731053826947e-16, 0.0, 0, 0.0, 0, 0]
[1692961032448.9585, 2904623046672.0625]
8713869140016.1875
16
______________________ ALGO : 1 generation 16 completed _____________
10
child pop : before
6
_()_
2
bree pop : before
12
mut pop : before
0
48
ALGO : 1  Generation : 17
selectionGen :
[0.0, 0, 0.0, 2.8287880351419816e-11, 0.0, -1.8094666440723205e-15, 0.0, 0, 0.0, 0, 0]
[1769896428921.379, 2148718862879.2876]
6446156588637.863
0
[0.0, 0, 0.0, 2.4315611057925716e-11, 0.0, -9.90626806793638e-16, 0.0, 0, 0.0, 0, 0]
[1590791849948.3599, 2514147646697.0312]
7542442940091.094
0
[0.0, 0, 0.0, 2.4315611057925716e-11, 0.0, -9.90626806793638e-16, 0.0, 0, 0.0, 0.0, 0]
[1590791849948.3599, 2514147646697.0312]
7542442940091.094
0
[0.0, 0.0, 0.0, 3.4829601387294616e-11, 0.0, -5.622731053826947e-16, 0.0, 0, 0.0, 0, 0]
[1692961032448.9585, 2904623046672.0625]
8713869140016.1875
0
[0.0, 0.0, 0.0, 3.4829601387294616e-11, 0.0, -5.622731053826947e-16, 0.0, 0, 0.0, 0, 0]
[1692961032448.9585, 2904623046672.0625]
8713869140016.1875
0
[0.0, 0.0, 0.0, 3.4829601387294616e-11, 0.0, -5.622731053826947e-16, 0.0, 0, 0.0, 0, 0]
[1692961032448.9585, 2904623046672.0625]
8713869140016.1875
0
[0.0, 0.0, 0.0, 3.4829601387294616e-11, 0.0, -5.622731053826947e-16, 0.0, 0, 0.0, 0, 0]
[1692961032448.9585, 2904623046672.0625]
8713869140016.1875
0
[0.0, 0.0, 0.0, 3.4829601387294616e-11, 0.0, -5.622731053826947e-16, 0.0, 0, 0.0, 0, 0]
[1692961032448.9585, 2904623046672.0625]
8713869140016.1875
0
[0.0, 0.0, 0.0, 3.4829601387294616e-11, 0.0, -5.622731053826947e-16, 0.0, 0, 0.0, 0, 0]
[1692961032448.9585, 2904623046672.0625]
8713869140016.1875
0
[0.0, 0.0, 0.0, 3.4829601387294616e-11, 0.0, -5.622731053826947e-16, 0.0, 0, 0.0, 0, 0]
[1692961032448.9585, 2904623046672.0625]
8713869140016.1875
0

breedingGen :
[0.0, 0, 0.0, 2.8287880351419816e-11, 0.0, -1.8094666440723205e-15, 0.0, 0, 0.0, 0, 0]
[1769896428921.379, 2148718862879.2876]
6446156588637.863
0
[0.0, 0, 0.0, 2.4315611057925716e-11, 0.0, -9.90626806793638e-16, 0.0, 0, 0.0, 0, 0]
[1590791849948.3599, 2514147646697.0312]
7542442940091.094
0
[0.0, 0, 0.0, 2.4315611057925716e-11, 0.0, -9.90626806793638e-16, 0.0, 0, 0.0, 0.0, 0]
[1590791849948.3599, 2514147646697.0312]
7542442940091.094
0
[0.0, 0.0, 0.0, 3.4829601387294616e-11, 0.0, -5.622731053826947e-16, 0.0, 0, 0.0, 0, 0]
[1692961032448.9585, 2904623046672.0625]
8713869140016.1875
0
[0.0, 0.0, 0.0, 3.4829601387294616e-11, 0.0, -5.622731053826947e-16, 0.0, 0, 0.0, 0, 0]
[1692961032448.9585, 2904623046672.0625]
8713869140016.1875
0
[0.0, 0.0, 0.0, 3.4829601387294616e-11, 0.0, -5.622731053826947e-16, 0.0, 0, 0.0, 0, 0]
[1692961032448.9585, 2904623046672.0625]
8713869140016.1875
0
[0.0, 0.0, 0.0, 3.4829601387294616e-11, 0.0, -5.622731053826947e-16, 0.0, 0, 0.0, 0, 0]
[1692961032448.9585, 2904623046672.0625]
8713869140016.1875
0
[0.0, 0.0, 0.0, 3.4829601387294616e-11, 0.0, -5.622731053826947e-16, 0.0, 0, 0.0, 0, 0]
[1692961032448.9585, 2904623046672.0625]
8713869140016.1875
0
[0.0, 0.0, 0.0, 3.4829601387294616e-11, 0.0, -5.622731053826947e-16, 0.0, 0, 0.0, 0, 0]
[1692961032448.9585, 2904623046672.0625]
8713869140016.1875
0
[0.0, 0.0, 0.0, 3.4829601387294616e-11, 0.0, -5.622731053826947e-16, 0.0, 0, 0.0, 0, 0]
[1692961032448.9585, 2904623046672.0625]
8713869140016.1875
0
[0.0, 0.0, 0.0, 3.4829601387294616e-11, 0.0, -5.622731053826947e-16, 0.0, 0, 0.0, 0, 0]
[1692961032448.9585, 2904623046672.0625]
8713869140016.1875
0
[0.0, 0.0, 0.0, 3.4829601387294616e-11, 0.0, -5.622731053826947e-16, 0.0, 0, 0.0, 0, 0]
[1692961032448.9585, 2904623046672.0625]
8713869140016.1875
0
[0.0, 0.0, 0.0, 3.4829601387294616e-11, 0.0, -5.622731053826947e-16, 0.0, 0, 0.0, 0, 0]
[1692961032448.9585, 2904623046672.0625]
8713869140016.1875
0
[0.0, 0.0, 0.0, 3.4829601387294616e-11, 0.0, -5.622731053826947e-16, 0.0, 0, 0.0, 0, 0]
[1692961032448.9585, 2904623046672.0625]
8713869140016.1875
0
[0.0, 0.0, 0.0, 3.4829601387294616e-11, 0.0, -5.622731053826947e-16, 0.0, 0, 0.0, 0, 0]
[1692961032448.9585, 2904623046672.0625]
8713869140016.1875
0
[0.0, 0.0, 0.0, 3.4829601387294616e-11, 0.0, -5.622731053826947e-16, 0.0, 0, 0.0, 0, 0]
[1692961032448.9585, 2904623046672.0625]
8713869140016.1875
0
[0.0, 0.0, 0.0, 3.4829601387294616e-11, 0.0, -5.622731053826947e-16, 0.0, 0, 0.0, 0, 0]
[1692961032448.9585, 2904623046672.0625]
8713869140016.1875
0
[0.0, 0.0, 0.0, 3.4829601387294616e-11, 0.0, -5.622731053826947e-16, 0.0, 0, 0.0, 0, 0]
[1692961032448.9585, 2904623046672.0625]
8713869140016.1875
0
[0.0, 0.0, 0.0, 3.4829601387294616e-11, 0.0, -5.622731053826947e-16, 0.0, 0, 0.0, 0, 0]
[1692961032448.9585, 2904623046672.0625]
8713869140016.1875
0
[0.0, 0.0, 0.0, 3.4829601387294616e-11, 0.0, -5.622731053826947e-16, 0.0, 0, 0.0, 0, 0]
[1692961032448.9585, 2904623046672.0625]
8713869140016.1875
0
[0.0, 0.0, 0.0, 3.4829601387294616e-11, 0.0, -5.622731053826947e-16, 0.0, 0, 0.0, 0, 0]
[1692961032448.9585, 2904623046672.0625]
8713869140016.1875
0
[0.0, 0.0, 0.0, 3.4829601387294616e-11, 0.0, -5.622731053826947e-16, 0.0, 0, 0.0, 0, 0]
[1692961032448.9585, 2904623046672.0625]
8713869140016.1875
0
[0.0, 0.0, 0.0, 3.4829601387294616e-11, 0.0, -5.622731053826947e-16, 0.0, 0, 0.0, 0, 0]
[1692961032448.9585, 2904623046672.0625]
8713869140016.1875
0
[0.0, 0.0, 0.0, 3.4829601387294616e-11, 0.0, -5.622731053826947e-16, 0.0, 0, 0.0, 0, 0]
[1692961032448.9585, 2904623046672.0625]
8713869140016.1875
0
[0.0, 0.0, 0.0, 2.4315611057925716e-11, 0.0, -1.371037024451336e-15, 0.0, 0.0, 0.0, 0, 0.0]
[1612852898002.9683, 2282157071194.722]
6846471213584.166
17

mutationGen :
[0.0, 0, 0.0, 2.8287880351419816e-11, 0.0, -1.8094666440723205e-15, 0.0, 0, 0.0, 0, 0]
[1769896428921.379, 2148718862879.2876]
6446156588637.863
0
[0.0, 0, 0.0, 2.4315611057925716e-11, 0.0, -9.90626806793638e-16, 0.0, 0, 0.0, 0, 0]
[1590791849948.3599, 2514147646697.0312]
7542442940091.094
0
[0.0, 0, 0.0, 2.4315611057925716e-11, 0.0, -9.90626806793638e-16, 0.0, 0, 0.0, 0.0, 0]
[1590791849948.3599, 2514147646697.0312]
7542442940091.094
0
[0.0, 0.0, 0.0, 3.4829601387294616e-11, 0.0, -5.622731053826947e-16, 0.0, 0, 0.0, 0, 0]
[1692961032448.9585, 2904623046672.0625]
8713869140016.1875
0
[0.0, 0.0, 0.0, 3.4829601387294616e-11, 0.0, -5.622731053826947e-16, 0.0, 0, 0.0, 0, 0]
[1692961032448.9585, 2904623046672.0625]
8713869140016.1875
0
[0.0, 0.0, 0.0, 3.4829601387294616e-11, 0.0, -5.622731053826947e-16, 0.0, 0, 0.0, 0, 0]
[1692961032448.9585, 2904623046672.0625]
8713869140016.1875
0
[0.0, 0.0, 0.0, 3.4829601387294616e-11, 0.0, -5.622731053826947e-16, 0.0, 0, 0.0, 0, 0]
[1692961032448.9585, 2904623046672.0625]
8713869140016.1875
0
[0.0, 0.0, 0.0, 3.4829601387294616e-11, 0.0, -5.622731053826947e-16, 0.0, 0, 0.0, 0, 0]
[1692961032448.9585, 2904623046672.0625]
8713869140016.1875
0
[0.0, 0.0, 0.0, 3.4829601387294616e-11, 0.0, -5.622731053826947e-16, 0.0, 0, 0.0, 0, 0]
[1692961032448.9585, 2904623046672.0625]
8713869140016.1875
0
[0.0, 0.0, 0.0, 3.4829601387294616e-11, 0.0, -5.622731053826947e-16, 0.0, 0, 0.0, 0, 0]
[1692961032448.9585, 2904623046672.0625]
8713869140016.1875
0
[0.0, 0.0, 0.0, 3.4829601387294616e-11, 0.0, -5.622731053826947e-16, 0.0, 0, 0.0, 0, 0]
[1692961032448.9585, 2904623046672.0625]
8713869140016.1875
0
[0.0, 0.0, 0.0, 3.4829601387294616e-11, 0.0, -5.622731053826947e-16, 0.0, 0, 0.0, 0, 0]
[1692961032448.9585, 2904623046672.0625]
8713869140016.1875
0
[0.0, 0.0, 0.0, 3.4829601387294616e-11, 0.0, -5.622731053826947e-16, 0.0, 0, 0.0, 0, 0]
[1692961032448.9585, 2904623046672.0625]
8713869140016.1875
0
[0.0, 0.0, 0.0, 3.4829601387294616e-11, 0.0, -5.622731053826947e-16, 0.0, 0, 0.0, 0, 0]
[1692961032448.9585, 2904623046672.0625]
8713869140016.1875
0
[0.0, 0.0, 0.0, 3.4829601387294616e-11, 0.0, -5.622731053826947e-16, 0.0, 0, 0.0, 0, 0]
[1692961032448.9585, 2904623046672.0625]
8713869140016.1875
0
[0.0, 0.0, 0.0, 3.4829601387294616e-11, 0.0, -5.622731053826947e-16, 0.0, 0, 0.0, 0, 0]
[1692961032448.9585, 2904623046672.0625]
8713869140016.1875
0
[0.0, 0.0, 0.0, 3.4829601387294616e-11, 0.0, -5.622731053826947e-16, 0.0, 0, 0.0, 0, 0]
[1692961032448.9585, 2904623046672.0625]
8713869140016.1875
0
[0.0, 0.0, 0.0, 3.4829601387294616e-11, 0.0, -5.622731053826947e-16, 0.0, 0, 0.0, 0, 0]
[1692961032448.9585, 2904623046672.0625]
8713869140016.1875
0
[0.0, 0.0, 0.0, 3.4829601387294616e-11, 0.0, -5.622731053826947e-16, 0.0, 0, 0.0, 0, 0]
[1692961032448.9585, 2904623046672.0625]
8713869140016.1875
0
[0.0, 0.0, 0.0, 3.4829601387294616e-11, 0.0, -5.622731053826947e-16, 0.0, 0, 0.0, 0, 0]
[1692961032448.9585, 2904623046672.0625]
8713869140016.1875
0
[0.0, 0.0, 0.0, 3.4829601387294616e-11, 0.0, -5.622731053826947e-16, 0.0, 0, 0.0, 0, 0]
[1692961032448.9585, 2904623046672.0625]
8713869140016.1875
0
[0.0, 0.0, 0.0, 3.4829601387294616e-11, 0.0, -5.622731053826947e-16, 0.0, 0, 0.0, 0, 0]
[1692961032448.9585, 2904623046672.0625]
8713869140016.1875
0
[0.0, 0.0, 0.0, 3.4829601387294616e-11, 0.0, -5.622731053826947e-16, 0.0, 0, 0.0, 0, 0]
[1692961032448.9585, 2904623046672.0625]
8713869140016.1875
0
[0.0, 0.0, 0.0, 3.4829601387294616e-11, 0.0, -5.622731053826947e-16, 0.0, 0, 0.0, 0, 0]
[1692961032448.9585, 2904623046672.0625]
8713869140016.1875
0
[0.0, 0.0, 0.0, 2.4315611057925716e-11, 0.0, -1.371037024451336e-15, 0.0, 0.0, 0.0, 0, 0.0]
[1612852898002.9683, 2282157071194.722]
6846471213584.166
17
[0.0, 0.0, 0.0, 2.4315611057925716e-11, 0.0, -1.371037024451336e-15, 0.0, 0.0, 0.0, 0, 0.0]
[1612852898002.9683, 2282157071194.722]
6846471213584.166
17
[0.0, 0.0, 0.0, 2.4315611057925716e-11, 0.0, -1.371037024451336e-15, 0.0, 0.0, 0.0, 0, 0.0]
[1612852898002.9683, 2282157071194.722]
6846471213584.166
17
[0.0, 0.0, 0.0, 2.4315611057925716e-11, 0.0, -1.371037024451336e-15, 0.0, 0.0, 0.0, 0, 0.0]
[1612852898002.9683, 2282157071194.722]
6846471213584.166
17
[0.0, 0.0, 0.0, 2.4315611057925716e-11, 0.0, -1.371037024451336e-15, 0.0, 0.0, 0.0, 0, 0.0]
[1612852898002.9683, 2282157071194.722]
6846471213584.166
17
[0.0, 0.0, 0.0, 2.4315611057925716e-11, 0.0, -1.371037024451336e-15, 0.0, 0.0, 0.0, 0, 0.0]
[1612852898002.9683, 2282157071194.722]
6846471213584.166
17
[0.0, 0.0, 0.0, 2.4315611057925716e-11, 0.0, -1.371037024451336e-15, 0.0, 0.0, 0.0, 0, 0.0]
[1612852898002.9683, 2282157071194.722]
6846471213584.166
17
[0.0, 0.0, 0.0, 2.4315611057925716e-11, 0.0, -1.371037024451336e-15, 0.0, 0.0, 0.0, 0, 0.0]
[1612852898002.9683, 2282157071194.722]
6846471213584.166
17
[0.0, 0.0, 0.0, 2.4315611057925716e-11, 0.0, -1.371037024451336e-15, 0.0, 0.0, 0.0, 0, 0.0]
[1612852898002.9683, 2282157071194.722]
6846471213584.166
17
[0.0, 0.0, 0.0, 2.4315611057925716e-11, 0.0, -1.371037024451336e-15, 0.0, 0.0, 0.0, 0, 0.0]
[1612852898002.9683, 2282157071194.722]
6846471213584.166
17
[0.0, 0.0, 0.0, 2.4315611057925716e-11, 0.0, -1.371037024451336e-15, 0.0, 0.0, 0.0, 0, 0.0]
[1612852898002.9683, 2282157071194.722]
6846471213584.166
17
[0.0, 0.0, 0.0, 2.4315611057925716e-11, 0.0, -1.371037024451336e-15, 0.0, 0.0, 0.0, 0, 0.0]
[1612852898002.9683, 2282157071194.722]
6846471213584.166
17
[0.0, 0.0, 0.0, 2.4315611057925716e-11, 0.0, -1.371037024451336e-15, 0.0, 0.0, 0.0, 0, 0.0]
[1612852898002.9683, 2282157071194.722]
6846471213584.166
17
[0.0, 0.0, 0.0, 2.4315611057925716e-11, 0.0, -1.371037024451336e-15, 0.0, 0.0, 0.0, 0, 0.0]
[1612852898002.9683, 2282157071194.722]
6846471213584.166
17
[0.0, 0.0, 0.0, 2.4315611057925716e-11, 0.0, -1.371037024451336e-15, 0.0, 0.0, 0.0, 0, 0.0]
[1612852898002.9683, 2282157071194.722]
6846471213584.166
17
[0.0, 0.0, 0.0, 2.4315611057925716e-11, 0.0, -1.371037024451336e-15, 0.0, 0.0, 0.0, 0, 0.0]
[1612852898002.9683, 2282157071194.722]
6846471213584.166
17
[0.0, 0.0, 0.0, 2.4315611057925716e-11, 0.0, -1.371037024451336e-15, 0.0, 0.0, 0.0, 0, 0.0]
[1612852898002.9683, 2282157071194.722]
6846471213584.166
17
[0.0, 0.0, 0.0, 2.4315611057925716e-11, 0.0, -1.371037024451336e-15, 0.0, 0.0, 0.0, 0, 0.0]
[1612852898002.9683, 2282157071194.722]
6846471213584.166
17
[0.0, 0.0, 0.0, 2.4315611057925716e-11, 0.0, -1.371037024451336e-15, 0.0, 0.0, 0.0, 0, 0.0]
[1612852898002.9683, 2282157071194.722]
6846471213584.166
17
[0.0, 0.0, 0.0, 2.4315611057925716e-11, 0.0, -1.371037024451336e-15, 0.0, 0.0, 0.0, 0, 0.0]
[1612852898002.9683, 2282157071194.722]
6846471213584.166
17
[0.0, 0.0, 0.0, 2.4315611057925716e-11, 0.0, -1.371037024451336e-15, 0.0, 0.0, 0.0, 0, 0.0]
[1612852898002.9683, 2282157071194.722]
6846471213584.166
17
[0.0, 0.0, 0.0, 2.4315611057925716e-11, 0.0, -1.371037024451336e-15, 0.0, 0.0, 0.0, 0, 0.0]
[1612852898002.9683, 2282157071194.722]
6846471213584.166
17
[0.0, 0.0, 0.0, 2.4315611057925716e-11, 0.0, -1.371037024451336e-15, 0.0, 0.0, 0.0, 0, 0.0]
[1612852898002.9683, 2282157071194.722]
6846471213584.166
17
[0.0, 0.0, 0.0, 2.4315611057925716e-11, 0.0, -1.371037024451336e-15, 0.0, 0.0, 0.0, 0, 0.0]
[1612852898002.9683, 2282157071194.722]
6846471213584.166
17
______________________ ALGO : 1 generation 17 completed _____________
10
child pop : before
6
_()_
4
bree pop : before
14
mut pop : before
0
22
ALGO : 1  Generation : 18
selectionGen :
[0.0, 0, 0.0, 2.8287880351419816e-11, 0.0, -1.8094666440723205e-15, 0.0, 0, 0.0, 0, 0]
[1769896428921.379, 2148718862879.2876]
6446156588637.863
0
[0.0, 0.0, 0.0, 2.4315611057925716e-11, 0.0, -1.371037024451336e-15, 0.0, 0.0, 0.0, 0, 0.0]
[1612852898002.9683, 2282157071194.722]
6846471213584.166
0
[0.0, 0.0, 0.0, 2.4315611057925716e-11, 0.0, -1.371037024451336e-15, 0.0, 0.0, 0.0, 0, 0.0]
[1612852898002.9683, 2282157071194.722]
6846471213584.166
0
[0.0, 0.0, 0.0, 2.4315611057925716e-11, 0.0, -1.371037024451336e-15, 0.0, 0.0, 0.0, 0, 0.0]
[1612852898002.9683, 2282157071194.722]
6846471213584.166
0
[0.0, 0.0, 0.0, 2.4315611057925716e-11, 0.0, -1.371037024451336e-15, 0.0, 0.0, 0.0, 0, 0.0]
[1612852898002.9683, 2282157071194.722]
6846471213584.166
0
[0.0, 0.0, 0.0, 2.4315611057925716e-11, 0.0, -1.371037024451336e-15, 0.0, 0.0, 0.0, 0, 0.0]
[1612852898002.9683, 2282157071194.722]
6846471213584.166
0
[0.0, 0.0, 0.0, 2.4315611057925716e-11, 0.0, -1.371037024451336e-15, 0.0, 0.0, 0.0, 0, 0.0]
[1612852898002.9683, 2282157071194.722]
6846471213584.166
0
[0.0, 0.0, 0.0, 2.4315611057925716e-11, 0.0, -1.371037024451336e-15, 0.0, 0.0, 0.0, 0, 0.0]
[1612852898002.9683, 2282157071194.722]
6846471213584.166
0
[0.0, 0.0, 0.0, 2.4315611057925716e-11, 0.0, -1.371037024451336e-15, 0.0, 0.0, 0.0, 0, 0.0]
[1612852898002.9683, 2282157071194.722]
6846471213584.166
0
[0.0, 0.0, 0.0, 2.4315611057925716e-11, 0.0, -1.371037024451336e-15, 0.0, 0.0, 0.0, 0, 0.0]
[1612852898002.9683, 2282157071194.722]
6846471213584.166
0

breedingGen :
[0.0, 0, 0.0, 2.8287880351419816e-11, 0.0, -1.8094666440723205e-15, 0.0, 0, 0.0, 0, 0]
[1769896428921.379, 2148718862879.2876]
6446156588637.863
0
[0.0, 0.0, 0.0, 2.4315611057925716e-11, 0.0, -1.371037024451336e-15, 0.0, 0.0, 0.0, 0, 0.0]
[1612852898002.9683, 2282157071194.722]
6846471213584.166
0
[0.0, 0.0, 0.0, 2.4315611057925716e-11, 0.0, -1.371037024451336e-15, 0.0, 0.0, 0.0, 0, 0.0]
[1612852898002.9683, 2282157071194.722]
6846471213584.166
0
[0.0, 0.0, 0.0, 2.4315611057925716e-11, 0.0, -1.371037024451336e-15, 0.0, 0.0, 0.0, 0, 0.0]
[1612852898002.9683, 2282157071194.722]
6846471213584.166
0
[0.0, 0.0, 0.0, 2.4315611057925716e-11, 0.0, -1.371037024451336e-15, 0.0, 0.0, 0.0, 0, 0.0]
[1612852898002.9683, 2282157071194.722]
6846471213584.166
0
[0.0, 0.0, 0.0, 2.4315611057925716e-11, 0.0, -1.371037024451336e-15, 0.0, 0.0, 0.0, 0, 0.0]
[1612852898002.9683, 2282157071194.722]
6846471213584.166
0
[0.0, 0.0, 0.0, 2.4315611057925716e-11, 0.0, -1.371037024451336e-15, 0.0, 0.0, 0.0, 0, 0.0]
[1612852898002.9683, 2282157071194.722]
6846471213584.166
0
[0.0, 0.0, 0.0, 2.4315611057925716e-11, 0.0, -1.371037024451336e-15, 0.0, 0.0, 0.0, 0, 0.0]
[1612852898002.9683, 2282157071194.722]
6846471213584.166
0
[0.0, 0.0, 0.0, 2.4315611057925716e-11, 0.0, -1.371037024451336e-15, 0.0, 0.0, 0.0, 0, 0.0]
[1612852898002.9683, 2282157071194.722]
6846471213584.166
0
[0.0, 0.0, 0.0, 2.4315611057925716e-11, 0.0, -1.371037024451336e-15, 0.0, 0.0, 0.0, 0, 0.0]
[1612852898002.9683, 2282157071194.722]
6846471213584.166
0
[0.0, 0.0, 0.0, 2.4315611057925716e-11, 0.0, -1.371037024451336e-15, 0.0, 0.0, 0.0, 0, 0.0]
[1612852898002.9683, 2282157071194.722]
6846471213584.166
18

mutationGen :
[0.0, 0, 0.0, 2.8287880351419816e-11, 0.0, -1.8094666440723205e-15, 0.0, 0, 0.0, 0, 0]
[1769896428921.379, 2148718862879.2876]
6446156588637.863
0
[0.0, 0.0, 0.0, 2.4315611057925716e-11, 0.0, -1.371037024451336e-15, 0.0, 0.0, 0.0, 0, 0.0]
[1612852898002.9683, 2282157071194.722]
6846471213584.166
0
[0.0, 0.0, 0.0, 2.4315611057925716e-11, 0.0, -1.371037024451336e-15, 0.0, 0.0, 0.0, 0, 0.0]
[1612852898002.9683, 2282157071194.722]
6846471213584.166
0
[0.0, 0.0, 0.0, 2.4315611057925716e-11, 0.0, -1.371037024451336e-15, 0.0, 0.0, 0.0, 0, 0.0]
[1612852898002.9683, 2282157071194.722]
6846471213584.166
0
[0.0, 0.0, 0.0, 2.4315611057925716e-11, 0.0, -1.371037024451336e-15, 0.0, 0.0, 0.0, 0, 0.0]
[1612852898002.9683, 2282157071194.722]
6846471213584.166
0
[0.0, 0.0, 0.0, 2.4315611057925716e-11, 0.0, -1.371037024451336e-15, 0.0, 0.0, 0.0, 0, 0.0]
[1612852898002.9683, 2282157071194.722]
6846471213584.166
0
[0.0, 0.0, 0.0, 2.4315611057925716e-11, 0.0, -1.371037024451336e-15, 0.0, 0.0, 0.0, 0, 0.0]
[1612852898002.9683, 2282157071194.722]
6846471213584.166
0
[0.0, 0.0, 0.0, 2.4315611057925716e-11, 0.0, -1.371037024451336e-15, 0.0, 0.0, 0.0, 0, 0.0]
[1612852898002.9683, 2282157071194.722]
6846471213584.166
0
[0.0, 0.0, 0.0, 2.4315611057925716e-11, 0.0, -1.371037024451336e-15, 0.0, 0.0, 0.0, 0, 0.0]
[1612852898002.9683, 2282157071194.722]
6846471213584.166
0
[0.0, 0.0, 0.0, 2.4315611057925716e-11, 0.0, -1.371037024451336e-15, 0.0, 0.0, 0.0, 0, 0.0]
[1612852898002.9683, 2282157071194.722]
6846471213584.166
0
[0.0, 0.0, 0.0, 2.4315611057925716e-11, 0.0, -1.371037024451336e-15, 0.0, 0.0, 0.0, 0, 0.0]
[1612852898002.9683, 2282157071194.722]
6846471213584.166
18
[0.0, 0.0, 0.0, 2.0171482324414613e-11, 0.0, -1.8094666440723205e-15, 0.0, 0, 0.0, 0.0, 0.0]
[1769896428921.5078, 2148718862878.3274]
6446156588634.982
18
[0.0, 0.0, 0.0, 2.0171482324414613e-11, 0.0, -1.8094666440723205e-15, 0.0, 0, 0.0, 0.0, 0.0]
[1769896428921.5078, 2148718862878.3274]
6446156588634.982
18
[0.0, 0.0, 0.0, 2.0171482324414613e-11, 0.0, -1.8094666440723205e-15, 0.0, 0, 0.0, 0.0, 0.0]
[1769896428921.5078, 2148718862878.3274]
6446156588634.982
18
[0.0, 0.0, 0.0, 2.0171482324414613e-11, 0.0, -1.8094666440723205e-15, 0.0, 0, 0.0, 0.0, 0.0]
[1769896428921.5078, 2148718862878.3274]
6446156588634.982
18
[0.0, 0.0, 0.0, 2.0171482324414613e-11, 0.0, -1.8094666440723205e-15, 0.0, 0, 0.0, 0.0, 0.0]
[1769896428921.5078, 2148718862878.3274]
6446156588634.982
18
[0.0, 0.0, 0.0, 2.0171482324414613e-11, 0.0, -1.8094666440723205e-15, 0.0, 0, 0.0, 0.0, 0.0]
[1769896428921.5078, 2148718862878.3274]
6446156588634.982
18
[0.0, 0.0, 0.0, 2.0171482324414613e-11, 0.0, -1.8094666440723205e-15, 0.0, 0, 0.0, 0.0, 0.0]
[1769896428921.5078, 2148718862878.3274]
6446156588634.982
18
[0.0, 0.0, 0.0, 2.0171482324414613e-11, 0.0, -1.8094666440723205e-15, 0.0, 0, 0.0, 0.0, 0.0]
[1769896428921.5078, 2148718862878.3274]
6446156588634.982
18
[0.0, 0.0, 0.0, 2.0171482324414613e-11, 0.0, -1.8094666440723205e-15, 0.0, 0, 0.0, 0.0, 0.0]
[1769896428921.5078, 2148718862878.3274]
6446156588634.982
18
[0.0, 0.0, 0.0, 2.0171482324414613e-11, 0.0, -1.8094666440723205e-15, 0.0, 0, 0.0, 0.0, 0.0]
[1769896428921.5078, 2148718862878.3274]
6446156588634.982
18
[0.0, 0.0, 0.0, 2.0171482324414613e-11, 0.0, -1.8094666440723205e-15, 0.0, 0, 0.0, 0.0, 0.0]
[1769896428921.5078, 2148718862878.3274]
6446156588634.982
18
______________________ ALGO : 1 generation 18 completed _____________
